# NaN NaN NaN ;Mean Elev.(m), Avg Gradient(m/km), RMS Gradient(m/km) - SRTM1     
# NaN NaN NaN ;Mean Elev.(m), Avg Gradient(m/km), RMS Gradient(m/km) - ASTER GDEM
#    4.420  -0.201   1.096 ;Mean Elev.(m), Avg Gradient(m/km), RMS Gradient(m/km) - GMTED2010 
   1 299.451644 -33.059668     5.361     5.340 13 54660.05899275 20.615
   2 299.449814 -33.059923     5.254     5.248 14 54669.97463778 32.939
   3 299.447875 -33.059732     5.245     5.201 14 54679.89028111 34.430
   4 299.448447 -33.059779     5.317     5.306 14 54689.80592383 33.363
   5 299.450811 -33.058469     8.795     8.539 14 54699.72156450 21.750
   6 299.452454 -33.057719     5.718     5.710 13 54709.63720939 26.282
   7 299.450762 -33.057848     5.394     5.415 13 54719.55286094 28.521
   8 299.448972 -33.059778     7.274     5.310 14 54729.46851018 27.546
   9 299.446695 -33.061329     5.926     4.857 13 54739.38415764 32.062
  10 299.445769 -33.063010     4.905     4.942 14 54749.29980497 33.636
  11 299.444570 -33.062045     5.427     5.505 14 54759.21545140 32.393
  12 299.446207 -33.062718    18.982    18.069 14 54769.13109606 24.559
  13 299.447843 -33.061307     9.040     5.979 14 54779.04673697 22.947
  14 299.449351 -33.060140     5.939     5.953 13 54788.96237556 30.777
  15 299.449621 -33.058939     6.102     6.114 13 54798.87801331 27.546
  17 299.452221 -33.058376     5.127     5.075 14 54818.70928972 32.450
  18 299.450312 -33.058968     4.928     4.935 14 54828.62494219 28.154
  19 299.447657 -33.060525     4.150     4.195 13 54838.54058191 30.665
  20 299.444027 -33.062258     4.384     4.366 14 54848.45623177 33.595
  21 299.441449 -33.063692     4.431     4.455 14 54858.37188093 26.109
  22 299.441273 -33.065892     6.069     4.856 14 54868.28753030 32.258
  23 299.441767 -33.064951     4.922     4.955 14 54878.20317812 43.822
  24 299.443315 -33.062816     4.786     4.906 14 54888.11882258 32.766
  25 299.444636 -33.063040     5.638     5.531 14 54898.03446405 36.601
  26 299.443888 -33.063140     5.310     5.260 14 54907.95010289 37.119
  27 299.443432 -33.063095     4.911     4.921 14 54917.86574061 31.883
  28 299.445071 -33.063279     4.907     4.915 14 54927.78137866 39.085
  29 299.447889 -33.061477     4.907     4.954 14 54937.69701585 33.648
  30 299.450774 -33.058241     4.747     4.735 14 54947.61265102 33.056
  31 299.453480 -33.056118     4.543     4.607 13 54957.52828597 32.108
  32 299.451945 -33.057835     4.532     4.573 13 54967.44393477 29.730
  33 299.450037 -33.059587     6.605     4.845 13 54977.35958221 24.408
  34 299.448319 -33.060381     4.622     4.693 14 54987.27522928 29.248
  35 299.447815 -33.060460     4.721     4.784 13 54997.19087636 33.532
  36 299.447598 -33.060470     4.850     4.824 14 55007.10652165 36.406
  37 299.447470 -33.061487     4.738     4.739 14 55017.02216497 33.086
  38 299.446061 -33.061758     5.072     5.040 13 55026.93780676 34.531
  39 299.444882 -33.062078     5.393     5.412 13 55036.85344832 37.986
  40 299.445758 -33.060931    13.372    13.272 14 55046.76908908 28.703
  41 299.449287 -33.058990     6.733     5.760 14 55056.68472820 27.567
  42 299.453114 -33.057132     5.740     5.705 14 55066.60036515 28.987
  43 299.451320 -33.057489     5.582     5.683 13 55076.51601526 24.389
  44 299.448246 -33.059816     5.316     5.288 14 55086.43166333 31.314
  45 299.445111 -33.061174    19.339    21.993 14 55096.34730944 20.992
  46 299.444577 -33.062081     6.321     6.369 14 55106.26295518 45.967
  47 299.445734 -33.061557    14.153    13.017 13 55116.17860032 25.436
  48 299.447696 -33.060619     6.048     6.028 14 55126.09424308 26.704
  49 299.448630 -33.059394     6.147     6.140 14 55136.00988328 27.222
  50 299.449303 -33.059951     6.490     6.461 13 55145.92552198 32.038
  51 299.448889 -33.059796     8.171     6.826 13 55155.84116002 29.410
  52 299.449525 -33.060044     6.947     7.000 14 55165.75679865 35.079
  53 299.451034 -33.059454     7.107     7.084 13 55175.67243707 31.157
  54 299.452013 -33.058285     7.184     7.127 14 55185.58807895 30.645
  55 299.449411 -33.059788     7.433     7.445 14 55195.50373085 32.894
  56 299.445669 -33.061717     7.638     7.630 14 55205.41938124 34.232
  57 299.442803 -33.063154     7.554     7.503 14 55215.33503078 32.139
  58 299.441704 -33.063474     7.622     7.607 14 55225.25067946 33.358
  59 299.443778 -33.064432     8.425     8.347 14 55235.16632639 41.572
  60 299.445592 -33.061899     7.978     7.983 14 55245.08196916 30.445
  61 299.446495 -33.061483     8.152     8.159 13 55254.99760941 32.305
  62 299.445586 -33.062673     7.854     7.952 14 55264.91324836 32.212
  63 299.443908 -33.062142     7.539     7.422 14 55274.82888619 32.669
  64 299.445926 -33.062531     7.451     7.418 14 55284.74452402 33.102
  65 299.449490 -33.059946     7.099     7.075 14 55294.66015978 30.086
  66 299.451994 -33.057348     7.092     7.089 13 55304.57579811 31.025
  67 299.450977 -33.058055     7.168     7.176 14 55314.49144573 35.381
  68 299.449168 -33.059632     6.850     6.828 14 55324.40709134 31.567
  69 299.447221 -33.060442     6.808     6.794 14 55334.32273521 27.180
  70 299.446106 -33.060560     6.713     6.742 14 55344.23837853 30.434
  71 299.446778 -33.060702     6.946     6.912 14 55354.15402127 33.870
  72 299.448160 -33.060954     6.572     6.598 13 55364.06966194 26.799
  73 299.448241 -33.059430    10.018     6.435 14 55373.98530045 27.181
  74 299.449010 -33.059694     6.174     6.167 14 55383.90093834 26.165
  75 299.449858 -33.059607     5.805     5.830 13 55393.81657552 27.109
  76 299.451814 -33.058479     5.727     5.714 13 55403.73221265 27.070
  77 299.451328 -33.059088     5.912     5.902 14 55413.64786451 27.369
  78 299.450422 -33.058115     6.175     5.926 13 55423.56351324 25.128
  79 299.450499 -33.059699     5.513     5.499 13 55433.47915987 31.972
  80 299.447713 -33.059780     5.661     5.694 14 55443.39480410 28.914
  81 299.446066 -33.061139     9.175     5.878 14 55453.31044714 30.252
  82 299.446178 -33.061430     5.214     5.200 13 55463.22608917 28.021
  83 299.448749 -33.060284     5.129     5.163 13 55473.14172897 42.551
  84 299.451568 -33.058075     5.949     5.299 13 55483.05736576 29.148
  85 299.453425 -33.056500     5.524     5.529 13 55492.97300054 27.098
  86 299.457380 -33.061651     5.305     5.260  8 55502.88863565 29.714
  87 299.451879 -33.058150     5.343     5.318 14 55512.80428130 30.076
  88 299.449414 -33.059675     6.023     5.163 13 55522.71993149 27.625
  89 299.447791 -33.060238     5.762     4.736 14 55532.63558019 27.568
  90 299.447197 -33.060927    18.590    17.071 13 55542.55122738 27.405
  91 299.446031 -33.060760     5.632     5.686 14 55552.46687229 32.536
  92 299.444803 -33.061480    17.738    19.495 14 55562.38251588 22.883
  93 299.445092 -33.062111     5.897     5.917 13 55572.29815868 29.098
  94 299.446654 -33.061735     5.359     5.389 14 55582.21379994 28.694
  95 299.448911 -33.059540     5.552     5.581 14 55592.12943757 28.695
  96 299.452333 -33.058132     9.696     6.363 14 55602.04507205 22.789
  97 299.455257 -33.057996     6.139     6.144 11 55611.96070475 23.104
  98 299.458736 -33.062218     6.107     6.058  7 55621.87633985 25.300
  99 299.451044 -33.057702     6.616     6.651 13 55631.79199150 32.605
 100 299.449450 -33.059060     6.619     6.594 13 55641.70764279 30.889
 101 299.449500 -33.059267     6.769     6.745 13 55651.62329124 30.687
 102 299.450109 -33.059224     6.876     6.874 13 55661.53893577 27.575
 103 299.449573 -33.059273    20.986    20.458 14 55671.45457683 31.557
 104 299.449075 -33.059884     7.142     6.993 14 55681.37021611 31.662
 105 299.449434 -33.059328     7.284     7.238 14 55691.28585322 34.597
 106 299.451295 -33.058681     6.991     7.001 13 55701.20148861 33.977
 107 299.452516 -33.058719     6.663     6.620 13 55711.11712908 30.075
 108 299.450115 -33.058826     6.295     6.236 14 55721.03277805 35.005
 109 299.448504 -33.060558     5.926     5.968 14 55730.94842540 31.255
 110 299.447576 -33.061398     6.621     5.788 14 55740.86407153 30.066
 111 299.446893 -33.060694     5.754     5.780 14 55750.77971636 30.917
 112 299.448581 -33.060984     5.753     5.793 14 55760.69535942 28.521
 113 299.450070 -33.059728     5.917     5.880 14 55770.61099934 29.192
 114 299.451911 -33.059007     6.065     6.149 13 55780.52663610 28.125
 115 299.452869 -33.056879     6.273     6.309 13 55790.44226974 30.518
 116 299.458568 -33.062679     6.232     6.203  7 55800.35790403 31.546
 117 299.453209 -33.057465     6.721     6.704 13 55810.27355050 35.647
 118 299.452242 -33.057843     6.760     6.760 13 55820.18919888 31.883
 119 299.452913 -33.057068     6.881     6.866 14 55830.10484256 41.777
 120 299.454533 -33.056864     6.305     6.305 13 55840.02048192 33.568
 121 299.457961 -33.061770     6.141     6.187  8 55849.93611959 32.396
 122 299.458773 -33.062839     6.075     6.070  7 55859.85175458 30.164
 123 299.451780 -33.057504     6.434     6.400 13 55869.76740352 31.492
 133 299.448788 -33.059779     5.498     5.499 14 55968.92384855 31.807
 134 299.449604 -33.059669    11.431    12.401 14 55978.83948546 25.260
 135 299.451504 -33.057719     5.216     5.130 14 55988.75512156 27.903
 136 299.453641 -33.057924    10.069    11.316 13 55998.67076376 22.614
 137 299.451660 -33.057555    10.413    10.750 13 56008.58641508 24.793
 138 299.450561 -33.059524     4.843     4.978 13 56018.50206270 30.716
 139 299.447761 -33.060022     5.039     5.156 14 56028.41770666 30.605
 141 299.447474 -33.061598     5.526     5.523 14 56048.24898888 33.724
 142 299.449329 -33.059842     5.463     5.492 13 56058.16462566 32.495
 143 299.453103 -33.057792     8.289     5.754 14 56068.08025812 27.548
 144 299.450784 -33.059064     5.579     5.536 14 56077.99590821 35.657
 145 299.448049 -33.060709     5.514     5.526 13 56087.91155646 31.202
 146 299.446852 -33.061741     5.811     5.745 14 56097.82720240 35.439
 147 299.447276 -33.060622     6.173     6.163 14 56107.74284608 31.487
 148 299.449876 -33.059625     6.372     6.328 14 56117.65847565 32.470
 149 299.452675 -33.058009     6.300     6.294 14 56127.57411308 30.197
 150 299.454731 -33.057432     6.207     6.276 13 56137.48974695 30.781
 151 299.451572 -33.057293     6.090     6.138 13 56147.40539216 29.008
 152 299.449511 -33.059183    16.172    16.082 13 56157.32104124 31.149
 153 299.449417 -33.060412     5.794     5.655 14 56167.23668928 32.479
 154 299.450019 -33.059152    12.147    12.596 14 56177.15233427 32.502
 155 299.451622 -33.058247     5.726     5.712 13 56187.06797465 24.921
 156 299.452272 -33.057422     5.591     5.597 13 56196.98361135 28.262
 157 299.452372 -33.057325     5.877     5.838 14 56206.89924545 31.009
 158 299.452957 -33.057130     6.082     6.055 14 56216.81487835 30.486
 159 299.452548 -33.056606     6.008     6.003 13 56226.73052032 29.033
 160 299.451857 -33.058907     5.642     5.607 13 56236.64617611 31.648
 161 299.450471 -33.059155     5.763     5.769 13 56246.56182764 29.840
 162 299.449022 -33.059433    15.100    13.803 14 56256.47747412 22.648
 163 299.447675 -33.060074     5.051     5.056 14 56266.39311683 39.208
 164 299.447267 -33.060539    21.213    24.764 14 56276.30875776 23.663
 165 299.447314 -33.060766     9.537     6.464 13 56286.22440462 27.717
 166 299.447910 -33.060081     5.358     5.517 13 56296.14005457 32.888
 167 299.448634 -33.059669     5.197     5.118 13 56306.05570045 27.546
 168 299.448591 -33.060702     5.934     5.901 14 56315.97134339 37.510
 169 299.447084 -33.061265    19.698    15.964 13 56325.88698458 25.064
 170 299.446870 -33.061073     4.807     4.810 14 56335.80262499 33.319
 171 299.448981 -33.060090    13.058    12.007 13 56345.71826437 24.943
 172 299.452317 -33.058388     5.191     5.310 13 56355.63390136 29.586
 173 299.451421 -33.057752     7.702     5.987 13 56365.54954800 24.042
 174 299.448665 -33.059176     5.922     5.960 14 56375.46519727 28.959
 176 299.443863 -33.061900     6.087     6.122 14 56395.29648686 30.561
 177 299.445171 -33.062523     5.924     5.989 14 56405.21212837 32.044
 178 299.447710 -33.061104     6.291     6.282 13 56415.12776628 25.570
 179 299.451287 -33.057925     6.185     6.105 13 56425.04339904 30.783
 180 299.450810 -33.059309     6.065     6.023 14 56434.95904621 30.502
 181 299.447534 -33.061667     6.274     6.229 14 56444.87469802 33.386
 182 299.444473 -33.061874     6.280     6.238 14 56454.79034710 37.895
 183 299.444515 -33.062398     6.099     6.063 13 56464.70599383 31.656
 184 299.446304 -33.061175     6.406     6.311 13 56474.62163679 31.103
 185 299.449204 -33.059976     6.795     6.809 13 56484.53727650 35.204
 187 299.451431 -33.057979     7.298     7.263 13 56504.36854688 35.397
 188 299.453909 -33.057427     6.993     6.975 13 56514.28417943 34.075
 189 299.452753 -33.058107     6.956     6.979 13 56524.19983030 37.142
 190 299.451519 -33.057373     6.351     6.361 13 56534.11548091 31.256
 192 299.449651 -33.059130     5.742     5.693 14 56553.94677234 33.546
 193 299.448273 -33.060707     6.361     5.601 14 56563.86241514 27.907
 194 299.446921 -33.060214     6.386     5.547 14 56573.77805651 26.059
 195 299.448757 -33.060556     5.587     5.561 14 56583.69369615 34.954
 196 299.451849 -33.057200     5.571     5.555 13 56593.60933067 26.050
 197 299.450510 -33.058829     7.860     6.080 13 56603.52498436 25.476
 198 299.448712 -33.059778     6.152     6.098 14 56613.44063371 34.893
 199 299.447525 -33.060370    17.981    16.227 13 56623.35627877 30.058
 200 299.447729 -33.061174     5.794     5.657 13 56633.27192097 33.827
 201 299.449930 -33.059817     5.641     5.655 13 56643.18755809 30.059
 202 299.449187 -33.059204    13.722    11.615 14 56653.10320900 23.518
 203 299.448909 -33.059664     5.244     5.163 13 56663.01885829 33.678
 204 299.448414 -33.060795     5.194     5.208 14 56672.93450510 29.984
 205 299.446710 -33.061215    14.586    12.922 13 56682.85015045 25.855
 206 299.446846 -33.061898    18.703    15.752 14 56692.76579408 33.222
 207 299.448347 -33.060150    18.072    19.743 13 56702.68143333 27.554
 208 299.451696 -33.058465     6.935     5.929 13 56712.59706764 24.906
 209 299.450139 -33.059444     9.953    10.864 13 56722.51271532 24.899
 210 299.446669 -33.061538     5.263     5.111 14 56732.42836698 33.497
 211 299.443345 -33.061898    12.520     9.051 14 56742.34401442 25.889
 212 299.443444 -33.062835     6.169     6.203 14 56752.25965769 34.420
 213 299.445905 -33.061350     6.257     6.195 13 56762.17529521 31.747
 214 299.450278 -33.058778     6.237     6.249 13 56772.09092578 31.658
 215 299.447795 -33.061376     5.897     6.157 14 56782.00658262 30.141
 216 299.444641 -33.062667     6.700     6.644 13 56791.92223654 34.990
 217 299.441935 -33.063936    11.669     6.839 14 56801.83788774 31.572
 218 299.442347 -33.064272    17.201    14.482 14 56811.75353183 28.386
 219 299.444151 -33.063216    12.047     9.407 14 56821.66917173 32.215
 220 299.446893 -33.060585     6.973     6.970 13 56831.58480721 34.858
 221 299.450570 -33.058334     6.782     6.696 13 56841.50043950 31.578
 222 299.452439 -33.058131     7.190     7.144 13 56851.41607696 35.204
 223 299.449140 -33.059685     7.350     7.372 14 56861.33173092 35.084
 224 299.446892 -33.060940     7.944     7.949 14 56871.24738412 49.181
 225 299.446179 -33.061680     7.472     7.386 13 56881.16303436 36.067
 226 299.446162 -33.062330     7.458     7.344 14 56891.07868100 38.440
 227 299.444579 -33.061334     7.360     7.260 14 56900.99432422 39.606
 228 299.443169 -33.062532     6.303     6.294 14 56910.90996608 31.684
 229 299.443840 -33.064014    10.245     6.803 14 56920.82560691 29.971
 230 299.445337 -33.062301     8.483     6.366 13 56930.74124531 28.853
 231 299.448670 -33.059303     6.516     6.472 14 56940.65687887 27.822
 232 299.451407 -33.058978     6.720     6.770 13 56950.57251874 29.564
 233 299.448950 -33.060226     6.717     6.706 14 56960.48817106 27.025
 234 299.446481 -33.060533     6.382     6.358 14 56970.40381802 30.539
 235 299.446831 -33.061215     6.305     6.311 14 56980.31946120 34.124
 236 299.448825 -33.059839     6.099     6.130 13 56990.23509950 27.672
 237 299.453053 -33.056966     6.410     6.371 14 57000.15073129 43.769
 238 299.451391 -33.058407     5.999     6.111 14 57010.06638594 32.817
 239 299.449540 -33.059803     6.317     6.342 14 57019.98203823 32.976
 240 299.447376 -33.060494     9.071     6.793 14 57029.89768762 30.868
 241 299.446168 -33.061141     8.125     6.796 13 57039.81333559 27.711
 242 299.446279 -33.061358     6.881     6.980 13 57049.72898153 29.465
 243 299.448113 -33.060796     6.957     6.868 14 57059.64462350 32.442
 244 299.450119 -33.059499     6.633     6.567 13 57069.56025963 28.963
 245 299.451505 -33.058488     6.471     6.514 14 57079.47589142 28.011
 246 299.451331 -33.059307     6.767     6.795 13 57089.39152959 33.958
 247 299.446686 -33.061700     6.778     6.760 14 57099.30718776 35.717
 248 299.444538 -33.062472     6.217     6.074 14 57109.22284258 33.636
 249 299.445315 -33.061835     8.624     5.952 13 57119.13849188 27.940
 250 299.446826 -33.061869     6.036     5.990 14 57129.05413534 35.951
