# NaN NaN NaN ;Mean Elev.(m), Avg Gradient(m/km), RMS Gradient(m/km) - SRTM1     
# NaN NaN NaN ;Mean Elev.(m), Avg Gradient(m/km), RMS Gradient(m/km) - ASTER GDEM
#    4.862  -0.060   1.813 ;Mean Elev.(m), Avg Gradient(m/km), RMS Gradient(m/km) - GMTED2010 
   2 299.387582 -32.950078    12.371    13.241  6 54669.97461063 27.791
   3 299.384968 -32.948689     5.886     5.865  7 54679.89025366 29.808
   4 299.385541 -32.948732    12.718    11.376  7 54689.80589638 30.651
   5 299.389258 -32.949807    10.122     9.671  5 54699.72153764 29.207
   6 299.392248 -32.951445     7.669     6.373  4 54709.63718312 30.331
   7 299.389876 -32.950381     6.126     6.065  5 54719.55283437 31.486
   8 299.386727 -32.949926    12.746    13.767  6 54729.46848302 28.265
   9 299.382422 -32.947898    19.475    19.521  8 54739.38412960 27.260
  10 299.380145 -32.947194     8.819     6.215  9 54749.29977633 26.004
  11 299.378953 -32.946231     6.166     6.150  9 54759.21542277 52.879
  12 299.380591 -32.946907    16.322    16.550  9 54769.13106743 25.111
  13 299.383579 -32.947888    15.217    16.433  7 54779.04670893 26.891
  14 299.386439 -32.949112     6.671     6.670  6 54788.96234811 31.951
  15 299.388062 -32.950300    10.197     8.193  6 54798.87798644 30.371
  17 299.391344 -32.950926     6.121     6.109  4 54818.70926315 25.951
  18 299.388760 -32.950322    15.691    18.101  5 54828.62491533 22.832
  19 299.384078 -32.948298     5.262     5.244  7 54838.54055417 28.455
  20 299.378421 -32.946452     5.352     5.423  9 54848.45620314 31.469
  21 299.374494 -32.945500    25.179    27.200 11 54858.37185170 24.902
  22 299.372968 -32.945314    22.537    27.175 11 54868.28750048 30.283
  23 299.374815 -32.946765     8.496     5.596 11 54878.20314889 31.452
  24 299.377039 -32.945827    24.752    25.976 10 54888.11879365 23.282
  25 299.379030 -32.947249    10.043    12.598  9 54898.03443542 27.251
  26 299.377603 -32.946156     8.541     6.027 10 54907.95007396 31.539
  27 299.377147 -32.946107    23.779    25.450 10 54917.86571168 22.781
  28 299.379460 -32.947481     5.778     5.755  9 54927.78135002 27.633
  29 299.383630 -32.948063    10.294    10.674  7 54937.69698780 25.017
  30 299.389219 -32.949600     9.032     5.604  5 54947.61262416 26.656
  31 299.393950 -32.951057     4.994     4.961  3 54957.52825999 33.691
  32 299.391060 -32.950385     4.875     4.884  5 54967.44390820 51.024
  33 299.387801 -32.949750    21.847    25.382  5 54977.35955506 22.691
  34 299.385410 -32.949349     7.742     5.588  7 54987.27520183 25.545
  35 299.384232 -32.948233     6.650     5.721  7 54997.19084861 29.311
  36 299.384692 -32.949438     5.411     5.457  7 55007.10649420 46.528
  37 299.383212 -32.948064     5.578     5.600  7 55017.02213693 30.675
  38 299.381803 -32.948333     5.740     5.718  8 55026.93777872 29.785
  39 299.379949 -32.947454    16.278    15.826  9 55036.85341998 28.791
  40 299.381502 -32.947497    15.007    16.209  9 55046.76906103 29.565
  41 299.387054 -32.949138    11.923    13.647  6 55056.68470104 29.231
  42 299.393579 -32.952057     6.358     6.273  4 55066.60033917 30.594
  43 299.391105 -32.951221    11.472     7.811  4 55076.51598899 28.981
  44 299.385326 -32.948773     8.425     9.572  7 55086.43163588 30.825
  45 299.380842 -32.947744    15.317    16.221  9 55096.34728140 28.391
  46 299.378960 -32.946265     6.591     6.577  9 55106.26292654 40.243
  47 299.381469 -32.948133    13.818    14.593  8 55116.17857227 31.292
  48 299.384782 -32.949588     8.314     6.664  7 55126.09421563 28.855
  49 299.386392 -32.949559     7.898     6.817  6 55136.00985613 32.274
  50 299.386390 -32.948924     7.104     7.077  6 55145.92549452 34.501
  51 299.385979 -32.948766     7.507     7.493  6 55155.84113257 34.744
  52 299.387294 -32.950205     7.766     7.803  6 55165.75677149 33.926
  53 299.388805 -32.949614     7.893     7.840  5 55175.67240992 31.723
  54 299.391136 -32.950833     7.868     7.870  4 55185.58805238 33.549
  55 299.387182 -32.949949     8.190     8.196  6 55195.50370369 31.540
  56 299.380739 -32.947104     8.132     8.117  8 55205.41935291 33.803
  57 299.376526 -32.946155     8.171     8.182 10 55215.33500186 35.675
  58 299.375430 -32.946478     8.207     8.209 10 55225.25065053 35.503
  59 299.377500 -32.947441     8.580     8.563 10 55235.16629747 34.853
  60 299.380662 -32.947301     8.564     8.587  8 55245.08194083 29.334
  61 299.382236 -32.948081     8.621     8.584  8 55254.99758137 33.203
  62 299.379973 -32.946882     8.434     8.399  9 55264.91321973 28.827
  63 299.378301 -32.946345     8.119     8.092  9 55274.82885756 29.374
  64 299.380319 -32.946729     7.993     7.970  9 55284.74449539 29.719
  65 299.387259 -32.950112     7.769     7.783  6 55294.66013263 31.869
  66 299.391787 -32.951096     7.767     7.775  4 55304.57577184 34.803
  67 299.390089 -32.950608     7.678     7.685  4 55314.49141916 37.656
  68 299.386928 -32.949797     7.565     7.571  6 55324.40706418 33.458
  69 299.383636 -32.948216     7.618     7.600  8 55334.32270746 27.845
  70 299.382526 -32.948333     7.545     7.557  8 55344.23835078 28.874
  71 299.383198 -32.948475     7.500     7.474  8 55354.15399352 35.841
  72 299.384577 -32.948728     8.944     7.400  7 55364.06963419 25.704
  73 299.386010 -32.949589    23.497    24.115  6 55373.98527330 25.276
  74 299.386780 -32.949849    11.665    12.064  6 55383.90091118 30.993
  75 299.387629 -32.949758    12.326    12.074  5 55393.81654837 26.214
  76 299.390936 -32.951015    12.500    13.106  5 55403.73218609 26.646
  77 299.389768 -32.950430     7.225     6.415  5 55413.64783765 29.602
  78 299.389532 -32.950651    10.290     9.143  5 55423.56348667 26.601
  79 299.388249 -32.949849     8.336     6.221  5 55433.47913271 30.470
  80 299.384789 -32.948737    13.763    13.918  7 55443.39477665 28.403
  81 299.381795 -32.947708    16.484    17.320  9 55453.31041909 31.487
  82 299.381913 -32.948000    20.716    20.476  8 55463.22606113 23.702
  83 299.385837 -32.949246     5.542     5.540  6 55473.14170152 43.958
  84 299.390682 -32.950623    17.860    19.229  5 55483.05733919 30.741
  85 299.393889 -32.951439     6.112     6.049  3 55492.97297457 28.799
  86 299.395135 -32.951815    12.010    11.768  4 55502.88860849 28.201
  87 299.390997 -32.950697    14.916    14.630  4 55512.80425473 24.471
  88 299.386509 -32.948636    15.869    16.210  6 55522.71990403 27.009
  89 299.384886 -32.949198    23.105    20.738  7 55532.63555273 21.844
  90 299.383614 -32.948695    23.190    21.525  7 55542.55119964 28.553
  91 299.382447 -32.948530     9.317    10.197  8 55552.46684454 26.618
  92 299.380546 -32.948060    18.748    18.407  9 55562.38248783 23.824
  93 299.380164 -32.947498    16.953    18.248  9 55572.29813034 27.990
  94 299.381730 -32.947126    24.238    25.828  8 55582.21377160 21.579
  95 299.386689 -32.949711    12.767    13.441  6 55592.12941042 25.832
  96 299.391458 -32.950696    10.625     8.901  4 55602.04504549 28.703
  97 299.395053 -32.951756    14.101    13.580  4 55611.96067848 25.179
  98 299.396501 -32.952396     7.128     7.077  3 55621.87631270 26.003
  99 299.390170 -32.950260     7.419     7.394  5 55631.79196493 28.275
 100 299.387900 -32.950421     7.375     7.380  6 55641.70761593 36.091
 101 299.387946 -32.950626     7.500     7.493  6 55651.62326438 29.074
 102 299.388549 -32.950584     7.605     7.555  6 55661.53890891 28.697
 103 299.387334 -32.949440    16.298    16.412  6 55671.45454967 33.617
 104 299.386837 -32.950050     8.002     8.034  6 55681.37018895 38.372
 105 299.387204 -32.949492     7.878     7.904  6 55691.28582606 40.424
 106 299.390422 -32.951232     7.702     7.657  5 55701.20146204 32.755
 107 299.391645 -32.951269     7.384     7.329  5 55711.11710251 29.345
 108 299.388565 -32.950182     6.991     6.994  5 55721.03275119 45.672
 109 299.385599 -32.949526    10.157     9.596  7 55730.94839794 28.356
 110 299.383317 -32.947975     6.256     6.239  7 55740.86404348 27.996
 111 299.383310 -32.948460     6.275     6.255  8 55750.77968861 27.599
 112 299.384994 -32.948747    16.313    16.317  6 55760.69533167 26.802
 113 299.387831 -32.949877     9.170     9.468  6 55770.61097218 30.528
 114 299.390343 -32.950352     8.060     6.826  4 55780.52660924 30.268
 115 299.392653 -32.950613     6.871     6.884  4 55790.44224347 36.811
 116 299.396318 -32.952834     7.095     7.101  3 55800.35787687 31.162
 117 299.392999 -32.951201     7.188     7.180  4 55810.27352423 42.131
 118 299.392036 -32.951580     7.321     7.327  4 55820.18917261 37.967
 119 299.393384 -32.952002     7.251     7.248  4 55830.10481659 41.302
 120 299.395002 -32.951801     6.890     6.883  3 55840.02045595 34.248
 121 299.395042 -32.950740     6.780     6.777  3 55849.93609214 32.308
 122 299.396530 -32.953001     7.109     6.760  3 55859.85172742 31.036
 123 299.391577 -32.951244     7.076     7.085  4 55869.76737725 31.923
 133 299.386558 -32.949957    18.669    18.830  6 55968.92382139 28.999
 134 299.387376 -32.949842    24.810    27.678  6 55978.83945830 21.841
 135 299.390630 -32.950277     7.434     6.247  4 55988.75509499 25.712
 136 299.393441 -32.951675    24.953    25.196  4 55998.67073749 20.683
 137 299.391457 -32.951304    23.427    25.167  4 56008.58638881 20.350
 138 299.388326 -32.949691     5.921     5.914  5 56018.50203554 27.537
 139 299.384851 -32.948995    12.248    12.332  7 56028.41767920 29.583
 141 299.383219 -32.948182     6.134     6.210  7 56048.24896083 42.962
 142 299.386430 -32.948813     7.346     6.105  6 56058.16459821 31.196
 143 299.392234 -32.950345     8.210     7.651  4 56068.08023156 29.900
 144 299.389236 -32.950421     6.172     6.182  5 56077.99588135 32.981
 145 299.384471 -32.948482     6.221     6.238  7 56087.91152871 30.995
 146 299.381920 -32.947122     6.263     6.252  8 56097.82717406 27.449
 147 299.383692 -32.948389     7.360     6.353  8 56107.74281833 30.203
 148 299.387638 -32.949778     6.874     6.882  6 56117.65844849 34.144
 149 299.391785 -32.950549     7.066     7.016  4 56127.57408652 35.749
 150 299.394516 -32.951166     6.759     6.758  4 56137.48972068 33.490
 151 299.391358 -32.951026     6.567     6.662  4 56147.40536589 31.202
 152 299.387948 -32.950529    11.141    11.150  6 56157.32101438 31.338
 153 299.386503 -32.949371     7.421     6.349  7 56167.23666183 29.569
 154 299.388458 -32.950502    15.172    12.995  5 56177.15230741 28.983
 155 299.390736 -32.950794    18.161    15.988  5 56187.06794809 26.056
 156 299.392063 -32.951163     9.394     7.992  4 56196.98358508 25.171
 157 299.392165 -32.951064     6.315     6.385  5 56206.89921918 30.298
 158 299.393429 -32.952060    13.616    11.851  4 56216.81485237 25.011
 159 299.392349 -32.950339     7.105     6.530  4 56226.73049405 27.898
 160 299.390977 -32.951445     6.087     6.057  5 56236.64614954 34.982
 161 299.388914 -32.950500     9.089     9.387  6 56246.56180077 26.337
 162 299.386789 -32.949586    23.340    25.860  6 56256.47744696 23.189
 163 299.384769 -32.949036     5.750     5.784  7 56266.39308938 34.399
 164 299.383689 -32.948309    27.765    28.543  8 56276.30873001 22.316
 165 299.383737 -32.948541     6.448     6.443  7 56286.22437687 27.340
 166 299.384331 -32.947862     6.324     6.327  7 56296.14002682 32.508
 167 299.385726 -32.948649    11.898    11.431  6 56306.05567299 25.701
 168 299.385681 -32.949685    10.872     6.369  7 56315.97131594 28.587
 169 299.382826 -32.947856    27.917    28.234  8 56325.88695654 20.690
 170 299.383292 -32.948854    23.983    26.506  8 56335.80259725 21.555
 171 299.386079 -32.949062    23.475    26.342  6 56345.71823692 21.770
 172 299.391439 -32.950942     5.864     5.732  5 56355.63387479 29.479
 173 299.390540 -32.950307    10.236     8.864  5 56365.54952143 29.549
 174 299.386430 -32.949343     6.372     6.374  6 56375.46517011 34.541
 176 299.378261 -32.946096     6.747     6.798  9 56395.29645823 33.981
 177 299.379571 -32.946718     6.856     6.857  9 56405.21209973 32.872
 178 299.384137 -32.948882    10.861    11.198  7 56415.12773853 30.219
 179 299.390417 -32.950479     6.959     6.975  5 56425.04337248 33.469
 180 299.389259 -32.950669     6.756     6.782  5 56434.95901935 31.525
 181 299.383277 -32.948248     6.780     6.792  7 56444.87466998 30.997
 182 299.378866 -32.946061    10.970     6.768  9 56454.79031847 31.995
 183 299.378904 -32.946582    10.642     6.720 10 56464.70596520 33.983
 184 299.382038 -32.947747     7.787     6.744  8 56474.62160875 33.077
 185 299.386283 -32.948935     7.197     7.182  6 56484.53724904 33.753
 187 299.390543 -32.950520     8.028     8.033  5 56504.36852032 53.655
 188 299.393705 -32.951161     7.670     7.725  4 56514.28415316 35.563
 189 299.392549 -32.951842     7.512     7.507  4 56524.19980402 37.600
 190 299.391314 -32.951111     6.903     6.941  4 56534.11545464 33.414
 192 299.387411 -32.949289     6.268     6.260  6 56553.94674518 38.027
 193 299.385360 -32.949669    16.087    14.408  7 56563.86238769 25.170
 194 299.383340 -32.947976    16.156    16.249  8 56573.77802877 23.956
 195 299.385854 -32.949510     8.713     6.146  7 56583.69366870 28.844
 196 299.391650 -32.950930     6.002     5.971  4 56593.60930440 25.686
 197 299.388954 -32.950174    10.444     9.314  6 56603.52495750 31.608
 198 299.386478 -32.949932     6.561     6.514  6 56613.44060656 34.384
 199 299.383942 -32.948139    22.765    21.320  7 56623.35625102 27.188
 200 299.384149 -32.948946     6.414     6.419  7 56633.27189322 35.776
 201 299.387706 -32.949981     6.317     6.320  5 56643.18753093 35.842
 202 299.386961 -32.949374    19.461    19.113  6 56653.10318185 31.043
 203 299.386004 -32.948644     8.416     8.791  6 56663.01883084 29.204
 204 299.385504 -32.949779     8.719     5.907  7 56672.93447765 29.827
 205 299.382453 -32.947807    20.517    21.085  8 56682.85012241 26.947
 206 299.381916 -32.947292    17.876    16.646  8 56692.76576574 27.992
 207 299.385447 -32.949122    12.126    13.341  6 56702.68140588 28.637
 208 299.390822 -32.951019     8.482     6.542  5 56712.59704107 28.710
 209 299.387908 -32.949613    14.800    14.383  5 56722.51268816 24.932
 210 299.381734 -32.946932     5.998     5.998  8 56732.42833865 49.783
 211 299.378416 -32.947292    18.707    19.587 10 56742.34398608 25.416
 212 299.377170 -32.945840    16.254    16.428 10 56752.25962876 29.421
 213 299.381663 -32.947936     6.933     6.921  8 56762.17526717 29.317
 214 299.388739 -32.950140     7.058     7.062  6 56772.09089892 33.344
 215 299.383545 -32.947965    10.328    11.898  7 56782.00655458 28.944
 216 299.379034 -32.946867     7.150     7.171 10 56791.92220791 34.646
 217 299.374973 -32.945744    15.320    16.555 11 56801.83785852 36.915
 218 299.375384 -32.946075    15.067    14.610 11 56811.75350260 36.107
 219 299.377863 -32.946209    14.889    15.837 10 56821.66914280 34.792
 220 299.383305 -32.948352     7.441     7.473  7 56831.58477946 30.785
 221 299.389682 -32.950877     7.513     7.502  5 56841.50041294 32.778
 222 299.391549 -32.950675     8.043     8.046  5 56851.41605039 38.075
 223 299.386900 -32.949841     8.025     8.004  6 56861.33170376 36.836
 224 299.383306 -32.948707     8.379     8.375  8 56871.24735637 48.766
 225 299.381919 -32.948253     8.004     8.000  8 56881.16300632 35.804
 226 299.381224 -32.947711     7.851     7.849  8 56891.07865266 37.179
 227 299.380315 -32.947909     7.698     7.714  9 56900.99429617 32.516
 228 299.377552 -32.946718    12.884    14.289  9 56910.90993745 28.516
 229 299.377548 -32.947002    16.726    17.010 10 56920.82557799 29.846
 230 299.380402 -32.947672    14.797    15.142  9 56930.74121697 26.343
 231 299.386441 -32.949448    11.394    11.073  6 56940.65685171 28.055
 232 299.390527 -32.951512     7.278     7.240  5 56950.57249218 29.245
 233 299.386039 -32.949181    12.118    14.568  7 56960.48814361 27.485
 234 299.382893 -32.948297     9.845    10.322  8 56970.40379027 30.767
 235 299.383245 -32.948983     6.931     6.926  8 56980.31943345 49.751
 236 299.385919 -32.948805     7.912     6.741  6 56990.23507204 26.569
 237 299.393529 -32.951905     6.761     6.705  4 57000.15070531 51.614
 238 299.390514 -32.950963     6.709     6.641  4 57010.06635938 34.307
 239 299.387310 -32.949974    13.409    13.539  6 57019.98201107 28.335
 240 299.383793 -32.948277    15.124    15.213  8 57029.89765988 29.756
 241 299.381910 -32.947728    14.264    13.812  8 57039.81330755 28.312
 242 299.382023 -32.947943     7.620     7.584  8 57049.72895348 28.440
 243 299.385209 -32.949766     7.483     7.483  7 57059.64459605 29.084
 244 299.387891 -32.949663    11.066    11.636  5 57069.56023247 26.191
 245 299.390629 -32.951040    11.059     9.369  4 57079.47586486 26.872
 246 299.389107 -32.949473     7.279     7.257  5 57089.39150243 33.851
 247 299.381762 -32.947091     7.322     7.337  8 57099.30715942 37.693
 248 299.378941 -32.946670    10.585     7.205  9 57109.22281395 27.170
 249 299.380394 -32.947228    13.297    15.271  9 57119.13846354 28.374
 250 299.381901 -32.947263     6.494     6.497  8 57129.05410700 37.574
