# NaN NaN NaN ;Mean Elev.(m), Avg Gradient(m/km), RMS Gradient(m/km) - SRTM1     
# NaN NaN NaN ;Mean Elev.(m), Avg Gradient(m/km), RMS Gradient(m/km) - ASTER GDEM
#  226.310   0.003  12.440 ;Mean Elev.(m), Avg Gradient(m/km), RMS Gradient(m/km) - GMTED2010 
   2   276.853 54671.92423844 18.79 306.053000 -23.634115  9.693 -100.00 -100.00 -100.00
   2   276.419 54671.92423903 23.92 306.054101 -23.636564 10.147 -100.00 -100.00 -100.00
   2   274.707 54671.92423962 28.76 306.055202 -23.639014   -100 -100.00 -100.00 -100.00
   2   274.050 54671.92424021 24.38 306.056303 -23.641464  5.273 -100.00 -100.00 -100.00
   4   291.095 54691.75552399 10.59 306.052230 -23.633577  9.432 -100.00 -100.00 -100.00
   4   290.069 54691.75552458 12.67 306.053331 -23.636027 12.964 -100.00 -100.00 -100.00
   4   288.640 54691.75552517 16.68 306.054432 -23.638477 15.903 -100.00 -100.00 -100.00
   4   289.929 54691.75552576 20.24 306.055533 -23.640927 23.246 -100.00 -100.00 -100.00
   5   282.921 54701.67116408  6.92 306.055138 -23.631590  8.232 -100.00 -100.00 -100.00
   5   287.213 54701.67116467  0.26 306.056239 -23.634040  3.095 -100.00 -100.00 -100.00
   7   299.809 54721.50246348 19.53 306.055030 -23.633352  6.186 -100.00 -100.00 -100.00
   7   295.542 54721.50246407 23.68 306.056131 -23.635802 10.231 -100.00 -100.00 -100.00
   7   289.529 54721.50246466 22.90 306.057232 -23.638252   -100 -100.00 -100.00 -100.00
   8   288.794 54731.41811263 11.82 306.052508 -23.636659 12.294 -100.00 -100.00 -100.00
   8   290.721 54731.41811322 15.34 306.053610 -23.639109 15.103 -100.00 -100.00 -100.00
   8   289.408 54731.41811381 19.62 306.054711 -23.641559 20.937 -100.00 -100.00 -100.00
   8   287.987 54731.41811440 20.12 306.055812 -23.644009   -100 -100.00 -100.00 -100.00
  10   288.895 54751.24940666 13.50 306.049130 -23.640473 13.009 -100.00 -100.00 -100.00
  10   290.440 54751.24940725 17.12 306.050231 -23.642922 15.662 -100.00 -100.00 -100.00
  10   289.281 54751.24940784 20.93 306.051332 -23.645372 22.867 -100.00 -100.00 -100.00
  10   290.528 54751.24940843 22.67 306.052434 -23.647822 26.208 -100.00 -100.00 -100.00
  10   290.173 54751.24940902 19.22 306.053535 -23.650272   -100 -100.00 -100.00 -100.00
  11   227.224 54761.16505303 28.17 306.049587 -23.640371 28.602 -100.00 -100.00 -100.00
  11   225.247 54761.16505362 30.77 306.050688 -23.642821   -100 -100.00 -100.00 -100.00
  11   225.584 54761.16505421 32.86 306.051789 -23.645270   -100 -100.00 -100.00 -100.00
  11   225.976 54761.16505480 32.97 306.052890 -23.647720 29.828 -100.00 -100.00 -100.00
  11   225.600 54761.16505539 30.54 306.053992 -23.650170   -100 -100.00 -100.00 -100.00
  12   287.008 54771.08069659 12.57 306.050513 -23.638213 12.421 -100.00 -100.00 -100.00
  12   288.831 54771.08069718 15.43 306.051614 -23.640663 15.851 -100.00 -100.00 -100.00
  12   291.056 54771.08069777 19.57 306.052715 -23.643112 18.326 -100.00 -100.00 -100.00
  12   289.484 54771.08069836 23.71 306.053816 -23.645562 26.042 -100.00 -100.00 -100.00
  13   287.181 54780.99633713 17.42 306.051645 -23.636462 14.873 -100.00 -100.00 -100.00
  13   288.956 54780.99633772 18.45 306.052746 -23.638912 16.163 -100.00 -100.00 -100.00
  13   291.353 54780.99633831 23.13 306.053848 -23.641362 21.479 -100.00 -100.00 -100.00
  13   289.418 54780.99633890 26.79 306.054949 -23.643811 31.330 -100.00 -100.00 -100.00
  14   288.121 54790.91197544 10.68 306.052649 -23.635394 12.399 -100.00 -100.00 -100.00
  14   289.730 54790.91197603 14.49 306.053750 -23.637844 15.514 -100.00 -100.00 -100.00
  14   290.993 54790.91197662 17.47 306.054851 -23.640293 16.449 -100.00 -100.00 -100.00
  14   290.509 54790.91197721 20.87 306.055953 -23.642743 25.047 -100.00 -100.00 -100.00
  17   225.452 54820.65889133 18.10 306.055132 -23.632615 15.394 -100.00 -100.00 -100.00
  17   225.279 54820.65889192 18.61 306.056233 -23.635065 16.190 -100.00 -100.00 -100.00
  17   225.028 54820.65889251 21.44 306.057334 -23.637514 23.980 -100.00 -100.00 -100.00
  18   225.196 54830.57454421 36.10 306.053316 -23.632955   -100 -100.00 -100.00 -100.00
  18   226.305 54830.57454480 40.90 306.054417 -23.635405 20.243 -100.00 -100.00 -100.00
  18   225.214 54830.57454539 52.27 306.055518 -23.637854   -100 -100.00 -100.00 -100.00
  18   225.224 54830.57454598 52.27 306.056619 -23.640304   -100 -100.00 -100.00 -100.00
  19   225.801 54840.49018414 38.91 306.051369 -23.635984 31.564 -100.00 -100.00 -100.00
  19   226.135 54840.49018473 43.79 306.052470 -23.638433   -100 -100.00 -100.00 -100.00
  19   225.771 54840.49018532 55.18 306.053571 -23.640883   -100 -100.00 -100.00 -100.00
  19   225.715 54840.49018591 53.11 306.054672 -23.643332 24.757 -100.00 -100.00 -100.00
  20   225.827 54850.40583473 55.10 306.049661 -23.642020 22.280 -100.00 -100.00 -100.00
  20   226.069 54850.40583532 54.62 306.050762 -23.644470   -100 -100.00 -100.00 -100.00
  20   226.002 54850.40583591 56.09 306.051863 -23.646919   -100 -100.00 -100.00 -100.00
  20   225.605 54850.40583650 52.59 306.052964 -23.649369 12.674 -100.00 -100.00 -100.00
  21   225.905 54860.32148394 46.12 306.047504 -23.644666   -100 -100.00 -100.00 -100.00
  21   225.997 54860.32148453 50.24 306.048605 -23.647115   -100 -100.00 -100.00 -100.00
  21   225.660 54860.32148512 52.22 306.049706 -23.649565 30.792 -100.00 -100.00 -100.00
  21   225.911 54860.32148571 53.21 306.050807 -23.652014   -100 -100.00 -100.00 -100.00
  21   225.654 54860.32148630 55.20 306.051908 -23.654464   -100 -100.00 -100.00 -100.00
  22   226.583 54870.23713232 43.86 306.045816 -23.643794 27.577 -100.00 -100.00 -100.00
  22   226.264 54870.23713291 46.56 306.046917 -23.646244   -100 -100.00 -100.00 -100.00
  22   225.973 54870.23713350 49.77 306.048018 -23.648693 10.409 -100.00 -100.00 -100.00
  22   226.046 54870.23713409 53.08 306.049119 -23.651142  1.883 -100.00 -100.00 -100.00
  22   225.929 54870.23713469 53.11 306.050220 -23.653592 18.102 -100.00 -100.00 -100.00
  22   225.799 54870.23713528 54.23 306.051321 -23.656041 30.908 -100.00 -100.00 -100.00
  23   226.017 54880.15277976 42.96 306.047231 -23.643796   -100 -100.00 -100.00 -100.00
  23   226.202 54880.15278035 48.11 306.048332 -23.646246   -100 -100.00 -100.00 -100.00
  23   226.006 54880.15278094 50.01 306.049433 -23.648695 11.889 -100.00 -100.00 -100.00
  23   225.891 54880.15278153 47.60 306.050534 -23.651144 18.147 -100.00 -100.00 -100.00
  23   225.775 54880.15278212 50.99 306.051635 -23.653593   -100 -100.00 -100.00 -100.00
  24   226.369 54890.06842329 40.51 306.048753 -23.640842   -100 -100.00 -100.00 -100.00
  24   226.513 54890.06842388 43.72 306.049854 -23.643291   -100 -100.00 -100.00 -100.00
  24   227.292 54890.06842447 43.80 306.050955 -23.645741 22.145 -100.00 -100.00 -100.00
  24   226.602 54890.06842506 45.72 306.052056 -23.648190   -100 -100.00 -100.00 -100.00
  24   226.368 54890.06842565 51.28 306.053157 -23.650639   -100 -100.00 -100.00 -100.00
  25   225.865 54899.98406426 25.70 306.049734 -23.640946 15.378 -100.00 -100.00 -100.00
  25   225.464 54899.98406485 31.01 306.050835 -23.643395   -100 -100.00 -100.00 -100.00
  25   225.791 54899.98406544 29.59 306.051937 -23.645844 28.939 -100.00 -100.00 -100.00
  25   225.725 54899.98406603 32.90 306.053038 -23.648294   -100 -100.00 -100.00 -100.00
  25   225.874 54899.98406662 29.14 306.054139 -23.650743 32.412 -100.00 -100.00 -100.00
  26   226.185 54909.89970335 41.44 306.049044 -23.642282   -100 -100.00 -100.00 -100.00
  26   225.919 54909.89970394 45.01 306.050145 -23.644731   -100 -100.00 -100.00 -100.00
  26   226.139 54909.89970453 47.78 306.051246 -23.647180   -100 -100.00 -100.00 -100.00
  26   225.981 54909.89970512 46.81 306.052347 -23.649630   -100 -100.00 -100.00 -100.00
  26   225.712 54909.89970571 45.62 306.053449 -23.652079 23.552 -100.00 -100.00 -100.00
  27   226.493 54919.81534121 43.07 306.048370 -23.642779 26.922 -100.00 -100.00 -100.00
  27   226.170 54919.81534180 46.90 306.049471 -23.645228   -100 -100.00 -100.00 -100.00
  27   226.232 54919.81534239 50.28 306.050572 -23.647677   -100 -100.00 -100.00 -100.00
  27   226.108 54919.81534298 52.24 306.051673 -23.650127 24.000 -100.00 -100.00 -100.00
  27   225.990 54919.81534357 52.40 306.052774 -23.652576   -100 -100.00 -100.00 -100.00
  28   226.147 54929.73097838 25.58 306.048923 -23.639968   -100 -100.00 -100.00 -100.00
  28   226.000 54929.73097897 28.72 306.050024 -23.642418   -100 -100.00 -100.00 -100.00
  28   226.006 54929.73097956 28.27 306.051125 -23.644867   -100 -100.00 -100.00 -100.00
  28   226.161 54929.73098015 30.93 306.052226 -23.647316   -100 -100.00 -100.00 -100.00
  28   226.436 54929.73098074 30.69 306.053327 -23.649766   -100 -100.00 -100.00 -100.00
  29   226.414 54939.64661440 38.80 306.051401 -23.635258 30.787 -100.00 -100.00 -100.00
  29   226.258 54939.64661499 40.62 306.052502 -23.637707   -100 -100.00 -100.00 -100.00
  29   226.237 54939.64661558 42.72 306.053603 -23.640156   -100 -100.00 -100.00 -100.00
  29   226.192 54939.64661617 44.04 306.054704 -23.642606 11.387 -100.00 -100.00 -100.00
  30   226.272 54949.56224898 37.65 306.054621 -23.631170 26.093 -100.00 -100.00 -100.00
  30   225.812 54949.56224957 39.68 306.055722 -23.633619   -100 -100.00 -100.00 -100.00
  30   225.545 54949.56225016 41.22 306.056823 -23.636069 17.061 -100.00 -100.00 -100.00
  30   225.508 54949.56225076 43.02 306.057924 -23.638518 25.214 -100.00 -100.00 -100.00
  31   223.507 54959.47788734 18.41 306.056181 -23.629705 23.286 -100.00 -100.00 -100.00
  31   224.153 54959.47788793 18.24 306.057282 -23.632155 22.588 -100.00 -100.00 -100.00
  31   225.100 54959.47788852 19.21 306.058383 -23.634604 25.494 -100.00 -100.00 -100.00
  31   224.892 54959.47788911 21.69 306.059484 -23.637054 31.493 -100.00 -100.00 -100.00
  32   226.502 54969.39353619 39.73 306.054289 -23.631860 22.428 -100.00 -100.00 -100.00
  32   226.103 54969.39353678 43.07 306.055390 -23.634309 29.901 -100.00 -100.00 -100.00
  32   225.528 54969.39353737 55.24 306.056491 -23.636759   -100 -100.00 -100.00 -100.00
  33   226.830 54979.30918393 40.81 306.053313 -23.635388 19.562 -100.00 -100.00 -100.00
  33   226.002 54979.30918452 53.22 306.054415 -23.637838   -100 -100.00 -100.00 -100.00
  33   225.809 54979.30918511 56.33 306.055516 -23.640287 32.455 -100.00 -100.00 -100.00
  35   225.564 54999.14047729 20.07 306.051217 -23.635761 10.313 -100.00 -100.00 -100.00
  35   225.263 54999.14047788 23.86 306.052318 -23.638211 21.809 -100.00 -100.00 -100.00
  35   225.511 54999.14047847 23.06 306.053419 -23.640660 18.568 -100.00 -100.00 -100.00
  35   225.582 54999.14047906 27.19 306.054520 -23.643110   -100 -100.00 -100.00 -100.00
  36   225.985 55009.05612228 38.91 306.051207 -23.636441 23.028 -100.00 -100.00 -100.00
  36   226.511 55009.05612287 42.95 306.052308 -23.638891 22.834 -100.00 -100.00 -100.00
  36   225.685 55009.05612346 53.05 306.053409 -23.641340   -100 -100.00 -100.00 -100.00
  36   225.629 55009.05612405 52.30 306.054510 -23.643790   -100 -100.00 -100.00 -100.00
  37   226.117 55018.97176563 45.63 306.051544 -23.637561   -100 -100.00 -100.00 -100.00
  37   225.770 55018.97176622 50.13 306.052645 -23.640010  6.245 -100.00 -100.00 -100.00
  37   225.706 55018.97176681 54.31 306.053746 -23.642460   -100 -100.00 -100.00 -100.00
  37   225.872 55018.97176741 51.25 306.054847 -23.644909  7.307 -100.00 -100.00 -100.00
  38   226.690 55028.88740777 45.04 306.051050 -23.638715   -100 -100.00 -100.00 -100.00
  38   226.620 55028.88740836 48.95 306.052151 -23.641165 31.020 -100.00 -100.00 -100.00
  38   226.231 55028.88740895 52.82 306.053252 -23.643614   -100 -100.00 -100.00 -100.00
  38   226.040 55028.88740954 54.20 306.054353 -23.646064 31.476 -100.00 -100.00 -100.00
  39   290.421 55038.80304931  6.09 306.050292 -23.638843  6.283 -100.00 -100.00 -100.00
  39   302.600 55038.80304990  2.63 306.051394 -23.641293  3.767 -100.00 -100.00 -100.00
  39   308.276 55038.80305049  2.47 306.052495 -23.643743  4.489 -100.00 -100.00 -100.00
  39   286.647 55038.80305108  5.58 306.053596 -23.646193  6.027 -100.00 -100.00 -100.00
  39   289.629 55038.80305168  5.59 306.054697 -23.648642  6.102 -100.00 -100.00 -100.00
  40   227.295 55048.71868945 38.42 306.050747 -23.636235   -100 -100.00 -100.00 -100.00
  40   226.910 55048.71869004 38.04 306.051848 -23.638685  8.154 -100.00 -100.00 -100.00
  40   226.728 55048.71869063 35.41 306.052949 -23.641135   -100 -100.00 -100.00 -100.00
  40   226.470 55048.71869122 29.93 306.054050 -23.643585 28.642 -100.00 -100.00 -100.00
  40   225.957 55048.71869181 31.67 306.055151 -23.646035   -100 -100.00 -100.00 -100.00
  41   226.763 55058.63432771 25.68 306.053190 -23.632946 28.515 -100.00 -100.00 -100.00
  41   227.020 55058.63432830 19.98 306.054291 -23.635396 10.154 -100.00 -100.00 -100.00
  41   226.336 55058.63432889 21.34 306.055392 -23.637846 16.079 -100.00 -100.00 -100.00
  41   225.468 55058.63432948 24.64 306.056493 -23.640296 25.031 -100.00 -100.00 -100.00
  42   226.877 55068.54996653 44.74 306.055451 -23.630658   -100 -100.00 -100.00 -100.00
  42   226.292 55068.54996712 48.00 306.056552 -23.633108   -100 -100.00 -100.00 -100.00
  42   225.798 55068.54996772 52.27 306.057654 -23.635558 23.205 -100.00 -100.00 -100.00
  43   226.137 55078.46561717 43.45 306.054698 -23.633410   -100 -100.00 -100.00 -100.00
  43   225.848 55078.46561776 47.85 306.055799 -23.635860   -100 -100.00 -100.00 -100.00
  43   225.883 55078.46561835 53.08 306.056900 -23.638310 14.705 -100.00 -100.00 -100.00
  44   226.848 55088.38126544 44.94 306.052370 -23.637173   -100 -100.00 -100.00 -100.00
  44   227.043 55088.38126603 49.07 306.053471 -23.639623   -100 -100.00 -100.00 -100.00
  44   226.613 55088.38126662 52.26 306.054573 -23.642073 32.204 -100.00 -100.00 -100.00
  44   226.463 55088.38126722 53.58 306.055674 -23.644523   -100 -100.00 -100.00 -100.00
  45   227.251 55098.29691171 35.01 306.049659 -23.639326   -100 -100.00 -100.00 -100.00
  45   226.689 55098.29691230 34.32 306.050761 -23.641776   -100 -100.00 -100.00 -100.00
  45   226.382 55098.29691289 31.86 306.051862 -23.644225   -100 -100.00 -100.00 -100.00
  45   226.192 55098.29691348 34.73 306.052963 -23.646675   -100 -100.00 -100.00 -100.00
  45   225.990 55098.29691407 36.04 306.054065 -23.649125   -100 -100.00 -100.00 -100.00
  46   226.412 55108.21255715 39.70 306.048804 -23.639946 26.105 -100.00 -100.00 -100.00
  46   226.078 55108.21255774 43.97 306.049905 -23.642396   -100 -100.00 -100.00 -100.00
  46   225.920 55108.21255833 50.31 306.051006 -23.644846 18.015 -100.00 -100.00 -100.00
  46   225.879 55108.21255892 55.33 306.052108 -23.647295   -100 -100.00 -100.00 -100.00
  46   225.872 55108.21255951 51.09 306.053209 -23.649745   -100 -100.00 -100.00 -100.00
  47   227.002 55118.12820151 39.80 306.050112 -23.639149 15.954 -100.00 -100.00 -100.00
  47   226.224 55118.12820210 44.97 306.051213 -23.641599 29.729 -100.00 -100.00 -100.00
  47   225.596 55118.12820269 50.36 306.052314 -23.644048 22.618 -100.00 -100.00 -100.00
  47   225.578 55118.12820328 55.17 306.053416 -23.646498 18.542 -100.00 -100.00 -100.00
  47   225.762 55118.12820387 49.12 306.054517 -23.648948  0.138 -100.00 -100.00 -100.00
  48   227.922 55128.04384333 54.06 306.051771 -23.637147  5.229 -100.00 -100.00 -100.00
  48   227.875 55128.04384392 55.19 306.052873 -23.639597 20.347 -100.00 -100.00 -100.00
  48   227.851 55128.04384451 53.39 306.053974 -23.642046 24.152 -100.00 -100.00 -100.00
  48   227.830 55128.04384510 55.27 306.055075 -23.644496   -100 -100.00 -100.00 -100.00
  49   227.603 55137.95948311 40.90 306.052539 -23.635701 16.442 -100.00 -100.00 -100.00
  49   226.868 55137.95948370 47.97 306.053640 -23.638151   -100 -100.00 -100.00 -100.00
  49   226.405 55137.95948429 51.48 306.054742 -23.640600 10.113 -100.00 -100.00 -100.00
  49   226.345 55137.95948488 54.84 306.055843 -23.643050   -100 -100.00 -100.00 -100.00
  50   227.212 55147.87512190 45.24 306.053004 -23.636362 22.689 -100.00 -100.00 -100.00
  50   226.796 55147.87512249 50.95 306.054105 -23.638812   -100 -100.00 -100.00 -100.00
  50   226.602 55147.87512308 51.13 306.055206 -23.641261   -100 -100.00 -100.00 -100.00
  51   226.682 55157.79075985 23.33 306.052402 -23.634532 16.183 -100.00 -100.00 -100.00
  51   226.469 55157.79076044 24.05 306.053503 -23.636982 18.659 -100.00 -100.00 -100.00
  51   226.195 55157.79076103 26.64 306.054604 -23.639431 27.676 -100.00 -100.00 -100.00
  51   226.346 55157.79076162 29.91 306.055705 -23.641881   -100 -100.00 -100.00 -100.00
  52   227.130 55167.70639831 42.16 306.053323 -23.634217   -100 -100.00 -100.00 -100.00
  52   227.072 55167.70639890 46.10 306.054424 -23.636667  5.575 -100.00 -100.00 -100.00
  52   227.001 55167.70639949 49.44 306.055525 -23.639116 32.503 -100.00 -100.00 -100.00
  53   294.370 55177.62203607  0.73 306.054620 -23.632619  2.305 -100.00 -100.00 -100.00
  53   294.212 55177.62203666  0.73 306.055721 -23.635069  2.221 -100.00 -100.00 -100.00
  53   295.621 55177.62203726  4.49 306.056822 -23.637518  4.413 -100.00 -100.00 -100.00
  54   228.102 55187.53768094 54.20 306.054755 -23.632760 16.013 -100.00 -100.00 -100.00
  54   228.091 55187.53768153 55.16 306.055856 -23.635210 16.769 -100.00 -100.00 -100.00
  54   228.082 55187.53768212 54.39 306.056957 -23.637659 13.799 -100.00 -100.00 -100.00
  55   228.023 55197.45333284 48.67 306.052458 -23.635645   -100 -100.00 -100.00 -100.00
  55   227.978 55197.45333343 49.69 306.053559 -23.638095   -100 -100.00 -100.00 -100.00
  55   227.960 55197.45333402 48.99 306.054660 -23.640544   -100 -100.00 -100.00 -100.00
  55   227.925 55197.45333461 52.00 306.055761 -23.642994 11.545 -100.00 -100.00 -100.00
  56   228.367 55207.36898373 53.69 306.050342 -23.639848   -100 -100.00 -100.00 -100.00
  56   228.353 55207.36898432 54.06 306.051443 -23.642297   -100 -100.00 -100.00 -100.00
  56   228.341 55207.36898491 50.11 306.052544 -23.644747   -100 -100.00 -100.00 -100.00
  56   228.333 55207.36898550 53.35 306.053645 -23.647196   -100 -100.00 -100.00 -100.00
  57   228.294 55217.28463341 51.14 306.048668 -23.641792   -100 -100.00 -100.00 -100.00
  57   228.246 55217.28463400 52.12 306.049769 -23.644241   -100 -100.00 -100.00 -100.00
  57   227.844 55217.28463459 55.12 306.050870 -23.646691 21.262 -100.00 -100.00 -100.00
  57   227.799 55217.28463518 56.14 306.051971 -23.649140   -100 -100.00 -100.00 -100.00
  57   227.774 55217.28463577 53.44 306.053072 -23.651590 26.519 -100.00 -100.00 -100.00
  58   228.436 55227.20028174 52.16 306.047553 -23.641379   -100 -100.00 -100.00 -100.00
  58   228.387 55227.20028233 52.19 306.048653 -23.643828   -100 -100.00 -100.00 -100.00
  58   228.422 55227.20028292 55.34 306.049754 -23.646277   -100 -100.00 -100.00 -100.00
  58   228.375 55227.20028351 54.52 306.050855 -23.648727   -100 -100.00 -100.00 -100.00
  58   228.275 55227.20028410 53.89 306.051956 -23.651176  1.472 -100.00 -100.00 -100.00
  58   228.333 55227.20028469 52.26 306.053057 -23.653625   -100 -100.00 -100.00 -100.00
  59   228.193 55237.11592726 40.78 306.047971 -23.640206   -100 -100.00 -100.00 -100.00
  59   227.805 55237.11592785 33.60 306.049072 -23.642656 22.674 -100.00 -100.00 -100.00
  59   227.703 55237.11592844 33.23 306.050173 -23.645105 23.832 -100.00 -100.00 -100.00
  59   227.920 55237.11592903 37.28 306.051274 -23.647554   -100 -100.00 -100.00 -100.00
  59   228.000 55237.11592962 40.88 306.052375 -23.650004   -100 -100.00 -100.00 -100.00
  59   228.226 55237.11593021 41.10 306.053476 -23.652453   -100 -100.00 -100.00 -100.00
  60   227.867 55247.03156966 50.30 306.050113 -23.640617   -100 -100.00 -100.00 -100.00
  60   227.789 55247.03157025 52.96 306.051214 -23.643066   -100 -100.00 -100.00 -100.00
  60   227.764 55247.03157084 51.99 306.052315 -23.645515   -100 -100.00 -100.00 -100.00
  60   227.729 55247.03157143 54.10 306.053417 -23.647965 14.925 -100.00 -100.00 -100.00
  61   226.778 55256.94720920 43.37 306.050277 -23.639878   -100 -100.00 -100.00 -100.00
  61   226.603 55256.94720979 45.49 306.051378 -23.642327   -100 -100.00 -100.00 -100.00
  61   226.520 55256.94721038 42.70 306.052479 -23.644776   -100 -100.00 -100.00 -100.00
  61   226.803 55256.94721098 42.84 306.053580 -23.647225   -100 -100.00 -100.00 -100.00
  62   227.068 55266.86284781 33.08 306.049174 -23.639097   -100 -100.00 -100.00 -100.00
  62   226.985 55266.86284841 32.72 306.050275 -23.641547 29.528 -100.00 -100.00 -100.00
  62   227.189 55266.86284900 32.60 306.051376 -23.643996 25.322 -100.00 -100.00 -100.00
  62   227.049 55266.86284959 38.51 306.052477 -23.646445   -100 -100.00 -100.00 -100.00
  62   227.462 55266.86285018 38.98 306.053579 -23.648894   -100 -100.00 -100.00 -100.00
  63   226.814 55276.77848660 39.74 306.049456 -23.640598   -100 -100.00 -100.00 -100.00
  63   226.549 55276.77848719 36.34 306.050557 -23.643047   -100 -100.00 -100.00 -100.00
  63   226.429 55276.77848778 37.11 306.051658 -23.645497   -100 -100.00 -100.00 -100.00
  63   226.261 55276.77848837 41.01 306.052759 -23.647946   -100 -100.00 -100.00 -100.00
  63   226.568 55276.77848896 41.88 306.053860 -23.650395   -100 -100.00 -100.00 -100.00
  64   227.522 55286.69412373 44.03 306.050495 -23.638077 25.580 -100.00 -100.00 -100.00
  64   226.883 55286.69412432 48.02 306.051596 -23.640527   -100 -100.00 -100.00 -100.00
  64   226.734 55286.69412491 51.45 306.052697 -23.642976 30.445 -100.00 -100.00 -100.00
  64   226.697 55286.69412550 54.38 306.053798 -23.645426 21.610 -100.00 -100.00 -100.00
  64   226.783 55286.69412609 48.39 306.054899 -23.647875  6.518 -100.00 -100.00 -100.00
  65   227.783 55296.60975870 44.04 306.053646 -23.634782   -100 -100.00 -100.00 -100.00
  65   227.556 55296.60975929 48.11 306.054747 -23.637232   -100 -100.00 -100.00 -100.00
  65   227.321 55296.60975988 49.80 306.055848 -23.639681 13.786 -100.00 -100.00 -100.00
  66   226.164 55306.52539953 44.03 306.055238 -23.633202  1.326 -100.00 -100.00 -100.00
  66   226.246 55306.52540012 47.05 306.056339 -23.635651   -100 -100.00 -100.00 -100.00
  66   226.280 55306.52540072 45.44 306.057440 -23.638101   -100 -100.00 -100.00 -100.00
  67   226.787 55316.44104628 37.47 306.053211 -23.632720   -100 -100.00 -100.00 -100.00
  67   226.684 55316.44104687 40.04 306.054312 -23.635170   -100 -100.00 -100.00 -100.00
  67   226.504 55316.44104746 41.98 306.055413 -23.637619   -100 -100.00 -100.00 -100.00
  67   226.450 55316.44104805 44.16 306.056515 -23.640068 13.476 -100.00 -100.00 -100.00
  68   227.005 55326.35669230 29.61 306.052405 -23.636212   -100 -100.00 -100.00 -100.00
  68   226.042 55326.35669290 29.83 306.053506 -23.638661   -100 -100.00 -100.00 -100.00
  68   225.826 55326.35669349 33.31 306.054607 -23.641111   -100 -100.00 -100.00 -100.00
  68   225.853 55326.35669408 31.22 306.055708 -23.643560   -100 -100.00 -100.00 -100.00
  69   227.118 55336.27233653 43.95 306.051550 -23.637592 22.753 -100.00 -100.00 -100.00
  69   226.489 55336.27233712 48.14 306.052651 -23.640042   -100 -100.00 -100.00 -100.00
  69   225.963 55336.27233771 53.43 306.053752 -23.642491   -100 -100.00 -100.00 -100.00
  69   226.171 55336.27233830 52.18 306.054853 -23.644941   -100 -100.00 -100.00 -100.00
  70   227.124 55346.18797983 42.05 306.051209 -23.637470 17.437 -100.00 -100.00 -100.00
  70   226.573 55346.18798042 48.07 306.052310 -23.639919 31.056 -100.00 -100.00 -100.00
  70   225.885 55346.18798101 52.47 306.053411 -23.642369 32.684 -100.00 -100.00 -100.00
  70   226.105 55346.18798160 52.35 306.054512 -23.644818   -100 -100.00 -100.00 -100.00
  71   227.042 55356.10362193 44.08 306.051782 -23.637561 19.231 -100.00 -100.00 -100.00
  71   225.843 55356.10362252 49.31 306.052883 -23.640011  5.670 -100.00 -100.00 -100.00
  71   225.827 55356.10362311 54.48 306.053984 -23.642461   -100 -100.00 -100.00 -100.00
  71   226.028 55356.10362370 54.09 306.055085 -23.644910   -100 -100.00 -100.00 -100.00
  72   226.821 55366.01926182 43.07 306.052094 -23.636994 23.263 -100.00 -100.00 -100.00
  72   225.955 55366.01926241 47.17 306.053195 -23.639444  1.494 -100.00 -100.00 -100.00
  72   226.126 55366.01926300 51.65 306.054296 -23.641894   -100 -100.00 -100.00 -100.00
  72   225.881 55366.01926359 53.48 306.055397 -23.644343   -100 -100.00 -100.00 -100.00
  73   225.336 55375.93489994 30.63 306.051949 -23.634886   -100 -100.00 -100.00 -100.00
  73   225.262 55375.93490053 32.84 306.053051 -23.637336   -100 -100.00 -100.00 -100.00
  73   225.438 55375.93490112 32.20 306.054152 -23.639785   -100 -100.00 -100.00 -100.00
  73   225.372 55375.93490171 30.48 306.055253 -23.642235   -100 -100.00 -100.00 -100.00
  74   225.699 55385.85053788 38.51 306.053310 -23.635062   -100 -100.00 -100.00 -100.00
  74   225.526 55385.85053847 37.57 306.054411 -23.637512   -100 -100.00 -100.00 -100.00
  74   225.515 55385.85053906 37.11 306.055513 -23.639962   -100 -100.00 -100.00 -100.00
  75   227.429 55395.76617488 31.01 306.054653 -23.633983 24.733 -100.00 -100.00 -100.00
  75   227.186 55395.76617547 32.45 306.055754 -23.636433   -100 -100.00 -100.00 -100.00
  75   226.539 55395.76617606 32.03 306.056855 -23.638883   -100 -100.00 -100.00 -100.00
  76   226.017 55405.68181482 38.18 306.055183 -23.630489  1.410 -100.00 -100.00 -100.00
  76   226.941 55405.68181541 33.29 306.056284 -23.632939   -100 -100.00 -100.00 -100.00
  76   227.087 55405.68181600 26.60 306.057385 -23.635389 19.589 -100.00 -100.00 -100.00
  76   226.638 55405.68181659 26.44 306.058486 -23.637839 19.083 -100.00 -100.00 -100.00
  77   225.756 55415.59746672 33.49 306.054658 -23.633068   -100 -100.00 -100.00 -100.00
  77   225.747 55415.59746731 32.93 306.055759 -23.635518   -100 -100.00 -100.00 -100.00
  77   225.827 55415.59746790 30.08 306.056861 -23.637967 32.078 -100.00 -100.00 -100.00
  78   225.322 55425.51311492 22.67 306.053061 -23.633135 13.118 -100.00 -100.00 -100.00
  78   225.425 55425.51311551 22.86 306.054162 -23.635585 16.077 -100.00 -100.00 -100.00
  78   225.255 55425.51311610 27.86 306.055263 -23.638035   -100 -100.00 -100.00 -100.00
  78   225.528 55425.51311669 29.06 306.056364 -23.640484   -100 -100.00 -100.00 -100.00
  79   225.713 55435.42876073 40.03 306.052261 -23.634847   -100 -100.00 -100.00 -100.00
  79   226.384 55435.42876132 44.24 306.053362 -23.637297 27.506 -100.00 -100.00 -100.00
  79   225.649 55435.42876191 55.53 306.054463 -23.639747   -100 -100.00 -100.00 -100.00
  79   225.691 55435.42876250 53.45 306.055565 -23.642197 25.736 -100.00 -100.00 -100.00
  80   225.957 55445.34440487 35.27 306.050925 -23.636210 30.058 -100.00 -100.00 -100.00
  80   225.993 55445.34440546 38.00 306.052026 -23.638660 32.271 -100.00 -100.00 -100.00
  80   225.658 55445.34440605 43.11 306.053128 -23.641110  4.763 -100.00 -100.00 -100.00
  80   225.943 55445.34440664 45.44 306.054229 -23.643560   -100 -100.00 -100.00 -100.00
  80   225.717 55445.34440723 46.33 306.055330 -23.646009 15.765 -100.00 -100.00 -100.00
  81   227.021 55455.26004794 38.06 306.050195 -23.637346 15.778 -100.00 -100.00 -100.00
  81   226.128 55455.26004853 42.38 306.051297 -23.639796 31.558 -100.00 -100.00 -100.00
  81   225.740 55455.26004912 53.51 306.052398 -23.642245 31.141 -100.00 -100.00 -100.00
  81   225.704 55455.26004971 48.26 306.053499 -23.644695 18.918 -100.00 -100.00 -100.00
  81   225.581 55455.26005030 51.47 306.054601 -23.647145   -100 -100.00 -100.00 -100.00
  82   225.266 55465.17568987 28.09 306.050440 -23.636549   -100 -100.00 -100.00 -100.00
  82   225.607 55465.17569046 23.59 306.051541 -23.638999 20.934 -100.00 -100.00 -100.00
  82   225.509 55465.17569105 27.27 306.052642 -23.641449   -100 -100.00 -100.00 -100.00
  82   225.787 55465.17569164 29.19 306.053743 -23.643898   -100 -100.00 -100.00 -100.00
  82   225.884 55465.17569223 30.14 306.054844 -23.646348   -100 -100.00 -100.00 -100.00
  83   227.253 55475.09132898 43.19 306.052753 -23.635156 19.453 -100.00 -100.00 -100.00
  83   226.198 55475.09132957 47.14 306.053854 -23.637606   -100 -100.00 -100.00 -100.00
  83   226.366 55475.09133016 52.57 306.054956 -23.640056   -100 -100.00 -100.00 -100.00
  83   226.104 55475.09133075 55.54 306.056057 -23.642506   -100 -100.00 -100.00 -100.00
  84   303.765 55485.00696477 12.71 306.054874 -23.632297 10.524 -100.00 -100.00 -100.00
  84   301.584 55485.00696536 15.18 306.055975 -23.634747 14.581 -100.00 -100.00 -100.00
  84   293.488 55485.00696595 19.62 306.057076 -23.637196 19.721 -100.00 -100.00 -100.00
  85   227.564 55494.92259862 31.40 306.055948 -23.630009   -100 -100.00 -100.00 -100.00
  85   227.307 55494.92259921 31.19 306.057050 -23.632459   -100 -100.00 -100.00 -100.00
  85   227.076 55494.92259980 29.91 306.058151 -23.634908 31.823 -100.00 -100.00 -100.00
  85   226.645 55494.92260039 26.43 306.059252 -23.637358 19.195 -100.00 -100.00 -100.00
  86   226.419 55504.83823215 41.96 306.056709 -23.629243   -100 -100.00 -100.00 -100.00
  86   226.192 55504.83823274 46.14 306.057810 -23.631693   -100 -100.00 -100.00 -100.00
  86   226.365 55504.83823333 50.48 306.058911 -23.634142   -100 -100.00 -100.00 -100.00
  86   226.086 55504.83823392 50.28 306.060012 -23.636592 21.169 -100.00 -100.00 -100.00
  87   226.422 55514.75388312 41.12 306.054559 -23.632501   -100 -100.00 -100.00 -100.00
  87   226.724 55514.75388371 44.13 306.055660 -23.634951 26.221 -100.00 -100.00 -100.00
  87   226.107 55514.75388431 50.29 306.056761 -23.637401  0.827 -100.00 -100.00 -100.00
  88   227.506 55524.66953329 29.13 306.052760 -23.633148 28.751 -100.00 -100.00 -100.00
  88   227.270 55524.66953388 30.71 306.053861 -23.635598   -100 -100.00 -100.00 -100.00
  88   226.843 55524.66953447 29.20 306.054962 -23.638047   -100 -100.00 -100.00 -100.00
  88   226.571 55524.66953506 27.43 306.056063 -23.640497 24.529 -100.00 -100.00 -100.00
  89   227.137 55534.58518208 41.06 306.052176 -23.635429   -100 -100.00 -100.00 -100.00
  89   227.256 55534.58518267 33.22 306.053277 -23.637879 31.139 -100.00 -100.00 -100.00
  89   227.007 55534.58518326 32.64 306.054378 -23.640328   -100 -100.00 -100.00 -100.00
  89   226.424 55534.58518385 33.19 306.055479 -23.642778   -100 -100.00 -100.00 -100.00
  90   227.341 55544.50082899 36.41 306.051595 -23.637817   -100 -100.00 -100.00 -100.00
  90   226.827 55544.50082958 35.60 306.052696 -23.640267   -100 -100.00 -100.00 -100.00
  90   226.631 55544.50083017 35.36 306.053797 -23.642717   -100 -100.00 -100.00 -100.00
  90   226.368 55544.50083076 32.34 306.054899 -23.645166   -100 -100.00 -100.00 -100.00
  91   226.550 55554.41647357 39.00 306.050227 -23.638938 29.070 -100.00 -100.00 -100.00
  91   226.690 55554.41647416 43.06 306.051328 -23.641387 29.181 -100.00 -100.00 -100.00
  91   226.072 55554.41647475 48.35 306.052429 -23.643837  6.020 -100.00 -100.00 -100.00
  91   226.135 55554.41647534 51.40 306.053530 -23.646287  8.401 -100.00 -100.00 -100.00
  91   226.168 55554.41647593 46.41 306.054632 -23.648736   -100 -100.00 -100.00 -100.00
  92   225.910 55564.33211671 39.22 306.049009 -23.638904 27.440 -100.00 -100.00 -100.00
  92   226.342 55564.33211730 43.27 306.050110 -23.641353 25.580 -100.00 -100.00 -100.00
  92   225.585 55564.33211789 53.78 306.051211 -23.643803 16.028 -100.00 -100.00 -100.00
  92   225.567 55564.33211848 51.55 306.052312 -23.646253 13.441 -100.00 -100.00 -100.00
  92   225.463 55564.33211907 51.76 306.053413 -23.648702 18.137 -100.00 -100.00 -100.00
  93   226.646 55574.24775930 42.00 306.050381 -23.639159 27.402 -100.00 -100.00 -100.00
  93   226.265 55574.24775989 48.48 306.051482 -23.641609   -100 -100.00 -100.00 -100.00
  93   226.225 55574.24776048 52.27 306.052583 -23.644058   -100 -100.00 -100.00 -100.00
  93   226.244 55574.24776107 54.04 306.053684 -23.646508   -100 -100.00 -100.00 -100.00
  94   227.320 55584.16339954 40.98 306.051690 -23.636060 27.701 -100.00 -100.00 -100.00
  94   226.848 55584.16340013 45.62 306.052790 -23.638510   -100 -100.00 -100.00 -100.00
  94   226.744 55584.16340072 50.56 306.053891 -23.640959 21.044 -100.00 -100.00 -100.00
  94   226.687 55584.16340131 53.59 306.054992 -23.643408   -100 -100.00 -100.00 -100.00
  95   227.262 55594.07903631 37.31 306.053293 -23.632662 19.613 -100.00 -100.00 -100.00
  95   226.989 55594.07903690 41.09 306.054393 -23.635111 30.698 -100.00 -100.00 -100.00
  95   226.481 55594.07903749 45.85 306.055494 -23.637561  4.268 -100.00 -100.00 -100.00
  95   226.421 55594.07903808 49.55 306.056595 -23.640010 13.790 -100.00 -100.00 -100.00
  96   227.689 55603.99467042 44.19 306.055838 -23.632632 21.595 -100.00 -100.00 -100.00
  96   227.134 55603.99467101 49.50 306.056939 -23.635081   -100 -100.00 -100.00 -100.00
  96   226.648 55603.99467160 53.62 306.058040 -23.637530   -100 -100.00 -100.00 -100.00
  97   227.141 55613.91030191 42.16 306.056407 -23.629744 27.992 -100.00 -100.00 -100.00
  97   227.075 55613.91030250 45.30 306.057507 -23.632194 32.501 -100.00 -100.00 -100.00
  97   226.693 55613.91030309 49.29 306.058608 -23.634643   -100 -100.00 -100.00 -100.00
  97   226.616 55613.91030368 52.56 306.059709 -23.637092 24.000 -100.00 -100.00 -100.00
  98   226.667 55623.82594018 37.08 306.057274 -23.630881   -100 -100.00 -100.00 -100.00
  98   226.531 55623.82594077 37.54 306.058375 -23.633330   -100 -100.00 -100.00 -100.00
  98   226.471 55623.82594136 36.59 306.059476 -23.635780   -100 -100.00 -100.00 -100.00
  99   227.803 55633.74159361 34.62 306.055003 -23.633572 32.412 -100.00 -100.00 -100.00
  99   227.775 55633.74159420 35.23 306.056104 -23.636021   -100 -100.00 -100.00 -100.00
  99   227.779 55633.74159479 42.22 306.057205 -23.638470   -100 -100.00 -100.00 -100.00
 100   228.340 55643.65724447 38.03 306.053607 -23.633886   -100 -100.00 -100.00 -100.00
 100   228.069 55643.65724506 34.89 306.054708 -23.636335 26.734 -100.00 -100.00 -100.00
 100   228.350 55643.65724565 36.72 306.055809 -23.638785 25.835 -100.00 -100.00 -100.00
 101   227.962 55653.57289243 41.38 306.052953 -23.633514 25.332 -100.00 -100.00 -100.00
 101   227.805 55653.57289302 45.14 306.054054 -23.635963   -100 -100.00 -100.00 -100.00
 101   227.354 55653.57289361 49.75 306.055155 -23.638413 25.893 -100.00 -100.00 -100.00
 101   227.368 55653.57289420 50.64 306.056256 -23.640862 32.631 -100.00 -100.00 -100.00
 102   227.476 55663.48853622 39.27 306.053062 -23.634278 28.450 -100.00 -100.00 -100.00
 102   227.425 55663.48853681 40.15 306.054163 -23.636728   -100 -100.00 -100.00 -100.00
 102   226.976 55663.48853740 41.50 306.055264 -23.639177   -100 -100.00 -100.00 -100.00
 102   227.156 55663.48853799 41.79 306.056366 -23.641627   -100 -100.00 -100.00 -100.00
 103   227.059 55673.40417660 39.18 306.052246 -23.634545 26.481 -100.00 -100.00 -100.00
 103   226.704 55673.40417719 41.33 306.053347 -23.636995   -100 -100.00 -100.00 -100.00
 103   226.796 55673.40417778 43.75 306.054449 -23.639444   -100 -100.00 -100.00 -100.00
 103   226.493 55673.40417837 46.18 306.055550 -23.641894 14.206 -100.00 -100.00 -100.00
 104   227.252 55683.31981534 24.14 306.052217 -23.635549 16.131 -100.00 -100.00 -100.00
 104   227.060 55683.31981593 23.02 306.053318 -23.637998 11.992 -100.00 -100.00 -100.00
 104   226.681 55683.31981653 24.26 306.054419 -23.640447 16.617 -100.00 -100.00 -100.00
 104   226.491 55683.31981712 26.82 306.055520 -23.642897 24.518 -100.00 -100.00 -100.00
 105   226.308 55693.23545228 42.32 306.053607 -23.635075   -100 -100.00 -100.00 -100.00
 105   226.063 55693.23545287 46.47 306.054708 -23.637524  5.386 -100.00 -100.00 -100.00
 105   226.003 55693.23545346 51.71 306.055809 -23.639974 25.893 -100.00 -100.00 -100.00
 106   226.353 55703.15108719 40.33 306.055728 -23.632506   -100 -100.00 -100.00 -100.00
 106   226.018 55703.15108778 45.08 306.056829 -23.634956  6.851 -100.00 -100.00 -100.00
 106   226.114 55703.15108837 44.95 306.057930 -23.637405   -100 -100.00 -100.00 -100.00
 107   226.156 55713.06673033 37.16 306.055260 -23.630139 29.197 -100.00 -100.00 -100.00
 107   225.752 55713.06673092 42.25 306.056361 -23.632589   -100 -100.00 -100.00 -100.00
 107   225.617 55713.06673151 46.75 306.057462 -23.635038 25.116 -100.00 -100.00 -100.00
 107   225.858 55713.06673210 46.54 306.058563 -23.637488   -100 -100.00 -100.00 -100.00
 108   226.740 55722.98237972 43.36 306.054237 -23.634216 24.969 -100.00 -100.00 -100.00
 108   226.097 55722.98238031 49.43 306.055338 -23.636666   -100 -100.00 -100.00 -100.00
 108   225.887 55722.98238090 52.70 306.056439 -23.639115 21.705 -100.00 -100.00 -100.00
 109   226.100 55732.89802676 42.23 306.052134 -23.636264   -100 -100.00 -100.00 -100.00
 109   226.222 55732.89802735 47.43 306.053235 -23.638714   -100 -100.00 -100.00 -100.00
 109   226.005 55732.89802794 52.74 306.054336 -23.641163   -100 -100.00 -100.00 -100.00
 109   225.846 55732.89802853 54.91 306.055437 -23.643613   -100 -100.00 -100.00 -100.00
 110   226.335 55742.81367268 35.46 306.051068 -23.637503 26.837 -100.00 -100.00 -100.00
 110   226.076 55742.81367327 38.07 306.052169 -23.639953   -100 -100.00 -100.00 -100.00
 110   226.007 55742.81367386 32.61 306.053270 -23.642402 31.428 -100.00 -100.00 -100.00
 110   225.726 55742.81367445 39.12 306.054371 -23.644852  4.839 -100.00 -100.00 -100.00
 111   227.265 55752.72931702 30.59 306.050623 -23.636074 23.353 -100.00 -100.00 -100.00
 111   226.949 55752.72931761 34.51 306.051724 -23.638524   -100 -100.00 -100.00 -100.00
 111   225.942 55752.72931820 37.03 306.052825 -23.640974   -100 -100.00 -100.00 -100.00
 111   226.210 55752.72931879 38.25 306.053926 -23.643424   -100 -100.00 -100.00 -100.00
 111   226.704 55752.72931938 39.13 306.055027 -23.645873 28.184 -100.00 -100.00 -100.00
 112   227.236 55762.64495944 36.52 306.052476 -23.634846   -100 -100.00 -100.00 -100.00
 112   227.215 55762.64496003 32.24 306.053577 -23.637296   -100 -100.00 -100.00 -100.00
 112   227.052 55762.64496062 30.52 306.054679 -23.639746 25.190 -100.00 -100.00 -100.00
 112   226.440 55762.64496121 35.10 306.055780 -23.642196   -100 -100.00 -100.00 -100.00
 113   227.036 55772.56059913 26.81 306.054411 -23.633764 20.468 -100.00 -100.00 -100.00
 113   226.903 55772.56059972 24.35 306.055512 -23.636214 11.784 -100.00 -100.00 -100.00
 113   226.644 55772.56060031 24.15 306.056614 -23.638664 13.412 -100.00 -100.00 -100.00
 114   227.323 55782.47623499 41.31 306.054707 -23.631451 17.637 -100.00 -100.00 -100.00
 114   226.206 55782.47623558 46.29 306.055809 -23.633901   -100 -100.00 -100.00 -100.00
 114   226.363 55782.47623617 51.35 306.056910 -23.636351   -100 -100.00 -100.00 -100.00
 115   227.029 55792.39186841 41.46 306.055496 -23.630775 19.871 -100.00 -100.00 -100.00
 115   226.652 55792.39186900 45.40 306.056597 -23.633225 30.343 -100.00 -100.00 -100.00
 115   226.167 55792.39186959 50.44 306.057699 -23.635675  1.578 -100.00 -100.00 -100.00
 116   226.442 55802.30750200 42.30 306.057103 -23.629947   -100 -100.00 -100.00 -100.00
 116   226.886 55802.30750259 47.48 306.058205 -23.632397 23.704 -100.00 -100.00 -100.00
 116   226.099 55802.30750318 51.79 306.059306 -23.634846   -100 -100.00 -100.00 -100.00
 117   226.410 55812.22315184 41.51 306.056006 -23.631689 27.749 -100.00 -100.00 -100.00
 117   226.091 55812.22315243 47.30 306.057107 -23.634138   -100 -100.00 -100.00 -100.00
 117   225.865 55812.22315302 51.83 306.058208 -23.636588   -100 -100.00 -100.00 -100.00
 118   226.995 55822.13879977 21.43 306.056056 -23.631929 16.938 -100.00 -100.00 -100.00
 118   225.153 55822.13880037 24.03 306.057157 -23.634379 26.103 -100.00 -100.00 -100.00
 118   225.904 55822.13880096 21.32 306.058258 -23.636828 16.634 -100.00 -100.00 -100.00
 119   226.016 55832.05444240 36.46 306.056231 -23.629605 26.801 -100.00 -100.00 -100.00
 119   226.000 55832.05444299 38.22 306.057332 -23.632055 30.465 -100.00 -100.00 -100.00
 119   225.754 55832.05444358 42.50 306.058433 -23.634505   -100 -100.00 -100.00 -100.00
 119   225.894 55832.05444417 44.11 306.059534 -23.636954   -100 -100.00 -100.00 -100.00
 120   227.113 55841.97008120 40.19 306.057462 -23.629952 15.656 -100.00 -100.00 -100.00
 120   226.027 55841.97008179 44.43 306.058563 -23.632402   -100 -100.00 -100.00 -100.00
 120   225.854 55841.97008239 47.23 306.059665 -23.634852 20.938 -100.00 -100.00 -100.00
 121   227.597 55851.88571666 41.34 306.056901 -23.628320 17.076 -100.00 -100.00 -100.00
 121   226.628 55851.88571725 45.62 306.058002 -23.630770   -100 -100.00 -100.00 -100.00
 121   226.374 55851.88571784 50.78 306.059103 -23.633219 22.862 -100.00 -100.00 -100.00
 121   226.251 55851.88571843 52.85 306.060204 -23.635669   -100 -100.00 -100.00 -100.00
 122   226.465 55861.80135092 43.24 306.057685 -23.629012 29.946 -100.00 -100.00 -100.00
 122   226.328 55861.80135151 46.60 306.058786 -23.631462   -100 -100.00 -100.00 -100.00
 122   226.112 55861.80135210 51.47 306.059887 -23.633912  1.634 -100.00 -100.00 -100.00
 123   226.357 55871.71700619 42.35 306.055210 -23.633553   -100 -100.00 -100.00 -100.00
 123   226.371 55871.71700678 47.45 306.056311 -23.636003   -100 -100.00 -100.00 -100.00
 123   226.022 55871.71700737 50.76 306.057412 -23.638453 17.237 -100.00 -100.00 -100.00
 133   226.135 55970.87344827 43.58 306.052583 -23.636086   -100 -100.00 -100.00 -100.00
 133   226.014 55970.87344886 48.73 306.053684 -23.638535   -100 -100.00 -100.00 -100.00
 133   225.899 55970.87344945 50.91 306.054785 -23.640984   -100 -100.00 -100.00 -100.00
 133   225.849 55970.87345004 51.47 306.055886 -23.643434 18.338 -100.00 -100.00 -100.00
 134   226.875 55980.78908468 39.49 306.053167 -23.635019 19.804 -100.00 -100.00 -100.00
 134   225.829 55980.78908527 50.58 306.054268 -23.637468   -100 -100.00 -100.00 -100.00
 134   225.859 55980.78908586 49.85 306.055369 -23.639918   -100 -100.00 -100.00 -100.00
 135   226.192 55990.70471959 36.66 306.054995 -23.630743 32.271 -100.00 -100.00 -100.00
 135   226.202 55990.70472018 40.28 306.056095 -23.633193   -100 -100.00 -100.00 -100.00
 135   226.196 55990.70472077 38.10 306.057196 -23.635642   -100 -100.00 -100.00 -100.00
 135   226.113 55990.70472136 34.43 306.058297 -23.638091   -100 -100.00 -100.00 -100.00
 136   226.294 56000.62036523 18.74 306.056036 -23.630799 12.450 -100.00 -100.00 -100.00
 136   225.890 56000.62036582 19.54 306.057137 -23.633249 16.699 -100.00 -100.00 -100.00
 136   224.943 56000.62036641 24.48 306.058238 -23.635698   -100 -100.00 -100.00 -100.00
 137   227.480 56010.53601649 24.72 306.054906 -23.632378 23.442 -100.00 -100.00 -100.00
 137   227.203 56010.53601708 23.10 306.056007 -23.634827 19.169 -100.00 -100.00 -100.00
 137   226.579 56010.53601767 25.38 306.057109 -23.637277 24.915 -100.00 -100.00 -100.00
 138   225.848 56020.45166346 37.29 306.052843 -23.633286 31.116 -100.00 -100.00 -100.00
 138   226.042 56020.45166405 40.64 306.053944 -23.635735   -100 -100.00 -100.00 -100.00
 138   225.880 56020.45166464 41.41 306.055045 -23.638185   -100 -100.00 -100.00 -100.00
 138   225.703 56020.45166524 40.51 306.056146 -23.640634   -100 -100.00 -100.00 -100.00
 139   226.607 56030.36730745 39.39 306.051068 -23.635715 23.690 -100.00 -100.00 -100.00
 139   226.816 56030.36730804 43.50 306.052169 -23.638165 22.932 -100.00 -100.00 -100.00
 139   226.353 56030.36730863 49.87 306.053270 -23.640614   -100 -100.00 -100.00 -100.00
 139   225.887 56030.36730922 53.79 306.054371 -23.643064 23.551 -100.00 -100.00 -100.00
 139   226.157 56030.36730981 55.64 306.055472 -23.645513 14.906 -100.00 -100.00 -100.00
 141   226.297 56050.19858840 42.13 306.051830 -23.637984   -100 -100.00 -100.00 -100.00
 141   226.388 56050.19858899 47.62 306.052930 -23.640433   -100 -100.00 -100.00 -100.00
 141   225.907 56050.19858958 52.91 306.054031 -23.642883 32.144 -100.00 -100.00 -100.00
 141   225.855 56050.19859017 54.88 306.055132 -23.645332 25.893 -100.00 -100.00 -100.00
 142   225.798 56060.11422402 31.34 306.053507 -23.634084   -100 -100.00 -100.00 -100.00
 142   225.906 56060.11422461 33.52 306.054608 -23.636534   -100 -100.00 -100.00 -100.00
 142   225.772 56060.11422520 34.59 306.055709 -23.638983   -100 -100.00 -100.00 -100.00
 143   226.720 56070.02985927 42.51 306.056579 -23.631489 23.949 -100.00 -100.00 -100.00
 143   226.121 56070.02985986 46.51 306.057680 -23.633939   -100 -100.00 -100.00 -100.00
 143   225.778 56070.02986045 47.91 306.058781 -23.636388 15.948 -100.00 -100.00 -100.00
 144   226.967 56079.94550947 40.55 306.053856 -23.632071 24.465 -100.00 -100.00 -100.00
 144   227.098 56079.94551006 44.54 306.054957 -23.634520 22.877 -100.00 -100.00 -100.00
 144   226.412 56079.94551065 48.66 306.056058 -23.636970   -100 -100.00 -100.00 -100.00
 144   226.244 56079.94551124 53.95 306.057159 -23.639419   -100 -100.00 -100.00 -100.00
 145   227.221 56089.86115794 41.55 306.052189 -23.635975 17.230 -100.00 -100.00 -100.00
 145   226.362 56089.86115853 46.36 306.053289 -23.638424   -100 -100.00 -100.00 -100.00
 145   226.315 56089.86115912 51.50 306.054390 -23.640874   -100 -100.00 -100.00 -100.00
 145   226.224 56089.86115971 52.65 306.055492 -23.643323   -100 -100.00 -100.00 -100.00
 146   227.399 56099.77680343 41.79 306.050608 -23.636499 26.420 -100.00 -100.00 -100.00
 146   227.363 56099.77680402 43.64 306.051709 -23.638949 28.970 -100.00 -100.00 -100.00
 146   227.518 56099.77680461 49.75 306.052810 -23.641399 32.487 -100.00 -100.00 -100.00
 146   226.939 56099.77680520 51.06 306.053911 -23.643848 26.781 -100.00 -100.00 -100.00
 146   226.779 56099.77680579 50.41 306.055012 -23.646298 19.082 -100.00 -100.00 -100.00
 147   227.160 56109.69243547 28.10 306.051740 -23.637577 18.043 -100.00 -100.00 -100.00
 147   226.867 56109.69243607 29.66 306.052841 -23.640026 24.081 -100.00 -100.00 -100.00
 147   226.643 56109.69243666 32.69 306.053943 -23.642476   -100 -100.00 -100.00 -100.00
 147   226.750 56109.69243725 35.61 306.055044 -23.644926   -100 -100.00 -100.00 -100.00
 148   226.654 56119.60807513 35.77 306.053099 -23.633674 28.638 -100.00 -100.00 -100.00
 148   226.370 56119.60807572 39.59 306.054200 -23.636123   -100 -100.00 -100.00 -100.00
 148   226.262 56119.60807631 39.92 306.055302 -23.638573  4.112 -100.00 -100.00 -100.00
 148   226.195 56119.60807690 43.89 306.056403 -23.641023 32.545 -100.00 -100.00 -100.00
 149   226.703 56129.52371130 40.25 306.055366 -23.629898 25.645 -100.00 -100.00 -100.00
 149   226.120 56129.52371189 42.40 306.056467 -23.632348   -100 -100.00 -100.00 -100.00
 149   226.012 56129.52371248 48.97 306.057568 -23.634798   -100 -100.00 -100.00 -100.00
 149   225.961 56129.52371307 48.50 306.058670 -23.637247   -100 -100.00 -100.00 -100.00
 150   226.650 56139.43934481 42.56 306.057665 -23.629429 21.288 -100.00 -100.00 -100.00
 150   225.966 56139.43934540 47.91 306.058766 -23.631879   -100 -100.00 -100.00 -100.00
 150   225.941 56139.43934599 49.93 306.059867 -23.634329   -100 -100.00 -100.00 -100.00
 151   226.267 56149.35499446 40.49 306.054700 -23.632559 29.504 -100.00 -100.00 -100.00
 151   226.341 56149.35499505 45.75 306.055801 -23.635009   -100 -100.00 -100.00 -100.00
 151   226.092 56149.35499564 52.06 306.056902 -23.637459  1.352 -100.00 -100.00 -100.00
 152   226.852 56159.27064354 40.44 306.053043 -23.635480 19.601 -100.00 -100.00 -100.00
 152   225.975 56159.27064413 51.64 306.054145 -23.637929   -100 -100.00 -100.00 -100.00
 152   225.670 56159.27064472 51.95 306.055246 -23.640379 22.183 -100.00 -100.00 -100.00
 153   225.703 56169.18629078 39.68 306.052801 -23.635693   -100 -100.00 -100.00 -100.00
 153   225.705 56169.18629137 52.03 306.053902 -23.638143 25.373 -100.00 -100.00 -100.00
 153   225.886 56169.18629196 51.64 306.055003 -23.640592  6.640 -100.00 -100.00 -100.00
 154   226.782 56179.10193428 40.73 306.053489 -23.633527 16.519 -100.00 -100.00 -100.00
 154   226.366 56179.10193487 45.94 306.054590 -23.635977 23.574 -100.00 -100.00 -100.00
 154   225.854 56179.10193546 50.78 306.055691 -23.638427   -100 -100.00 -100.00 -100.00
 155   226.399 56189.01757376 38.68 306.054826 -23.632357 23.547 -100.00 -100.00 -100.00
 155   225.666 56189.01757435 43.61 306.055928 -23.634807   -100 -100.00 -100.00 -100.00
 155   225.672 56189.01757494 48.86 306.057029 -23.637256  8.197 -100.00 -100.00 -100.00
 156   226.842 56198.93320992 39.65 306.054928 -23.630615 17.307 -100.00 -100.00 -100.00
 156   226.330 56198.93321051 43.70 306.056029 -23.633065 28.080 -100.00 -100.00 -100.00
 156   226.074 56198.93321110 49.97 306.057130 -23.635514   -100 -100.00 -100.00 -100.00
 156   225.729 56198.93321169 53.05 306.058232 -23.637964 28.859 -100.00 -100.00 -100.00
 157   226.369 56208.84884408 43.73 306.055664 -23.630607 24.899 -100.00 -100.00 -100.00
 157   226.011 56208.84884467 47.97 306.056765 -23.633057   -100 -100.00 -100.00 -100.00
 157   225.873 56208.84884526 51.72 306.057866 -23.635507   -100 -100.00 -100.00 -100.00
 158   226.479 56218.76447687 44.46 306.057254 -23.630529 27.160 -100.00 -100.00 -100.00
 158   225.863 56218.76447746 47.62 306.058355 -23.632978   -100 -100.00 -100.00 -100.00
 158   225.657 56218.76447805 48.15 306.059456 -23.635428 26.176 -100.00 -100.00 -100.00
 159   226.488 56228.68012386 41.43 306.056549 -23.631863 26.676 -100.00 -100.00 -100.00
 159   226.097 56228.68012445 46.02 306.057650 -23.634312   -100 -100.00 -100.00 -100.00
 159   225.941 56228.68012504 46.69 306.058751 -23.636762   -100 -100.00 -100.00 -100.00
 160   227.223 56238.59577830 29.87 306.054716 -23.632563 30.101 -100.00 -100.00 -100.00
 160   227.023 56238.59577889 29.50 306.055817 -23.635013   -100 -100.00 -100.00 -100.00
 160   226.797 56238.59577948 27.91 306.056918 -23.637463 27.655 -100.00 -100.00 -100.00
 161   226.969 56248.51142913 20.41 306.053533 -23.634019 14.509 -100.00 -100.00 -100.00
 161   225.525 56248.51142972 20.70 306.054634 -23.636469 14.690 -100.00 -100.00 -100.00
 161   225.205 56248.51143031 25.59 306.055735 -23.638919   -100 -100.00 -100.00 -100.00
 162   225.607 56258.42707465 28.28 306.052374 -23.633711 27.065 -100.00 -100.00 -100.00
 162   226.874 56258.42707524 25.70 306.053475 -23.636161 16.657 -100.00 -100.00 -100.00
 162   225.551 56258.42707583 26.57 306.054576 -23.638611 22.095 -100.00 -100.00 -100.00
 162   225.531 56258.42707642 29.62 306.055677 -23.641060   -100 -100.00 -100.00 -100.00
 163   227.062 56268.34271718 37.66 306.051901 -23.634588 17.760 -100.00 -100.00 -100.00
 163   226.300 56268.34271777 42.58 306.053002 -23.637038   -100 -100.00 -100.00 -100.00
 163   226.036 56268.34271836 47.63 306.054103 -23.639487   -100 -100.00 -100.00 -100.00
 163   225.955 56268.34271895 50.94 306.055204 -23.641937 15.150 -100.00 -100.00 -100.00
 164   227.084 56278.25835767 35.88 306.051815 -23.634476 16.591 -100.00 -100.00 -100.00
 164   226.024 56278.25835826 40.65 306.052916 -23.636926   -100 -100.00 -100.00 -100.00
 164   225.591 56278.25835885 48.45 306.054017 -23.639376 29.540 -100.00 -100.00 -100.00
 164   225.606 56278.25835945 50.17 306.055118 -23.641825   -100 -100.00 -100.00 -100.00
 165   226.281 56288.17400744 41.83 306.051997 -23.637870 26.161 -100.00 -100.00 -100.00
 165   225.719 56288.17400803 47.77 306.053098 -23.640320   -100 -100.00 -100.00 -100.00
 165   225.697 56288.17400862 51.81 306.054199 -23.642769  6.052 -100.00 -100.00 -100.00
 165   225.588 56288.17400921 52.10 306.055300 -23.645219 31.316 -100.00 -100.00 -100.00
 166   225.698 56298.08965610 36.78 306.051703 -23.636987   -100 -100.00 -100.00 -100.00
 166   225.567 56298.08965669 39.86 306.052804 -23.639436 13.321 -100.00 -100.00 -100.00
 166   225.502 56298.08965728 38.58 306.053905 -23.641885  6.525 -100.00 -100.00 -100.00
 166   225.748 56298.08965787 36.84 306.055006 -23.644335   -100 -100.00 -100.00 -100.00
 167   226.509 56308.00530070 39.65 306.051617 -23.635627 22.151 -100.00 -100.00 -100.00
 167   226.905 56308.00530129 43.75 306.052718 -23.638076 17.887 -100.00 -100.00 -100.00
 167   225.819 56308.00530188 50.15 306.053819 -23.640525   -100 -100.00 -100.00 -100.00
 167   225.852 56308.00530247 52.05 306.054921 -23.642975   -100 -100.00 -100.00 -100.00
 168   225.127 56317.92094302 21.25 306.051262 -23.635184 26.725 -100.00 -100.00 -100.00
 168   225.330 56317.92094361 20.19 306.052364 -23.637634 20.862 -100.00 -100.00 -100.00
 168   225.441 56317.92094420 22.47 306.053465 -23.640083 26.867 -100.00 -100.00 -100.00
 168   225.688 56317.92094479 24.42 306.054566 -23.642532   -100 -100.00 -100.00 -100.00
 169   225.637 56327.83658456 20.32 306.050693 -23.636251  4.673 -100.00 -100.00 -100.00
 169   225.648 56327.83658515 21.18 306.051794 -23.638700  7.903 -100.00 -100.00 -100.00
 169   225.665 56327.83658575 21.82 306.052895 -23.641150  9.176 -100.00 -100.00 -100.00
 169   225.947 56327.83658634 22.67 306.053996 -23.643599 11.671 -100.00 -100.00 -100.00
 169   226.290 56327.83658693 22.74 306.055097 -23.646048 11.772 -100.00 -100.00 -100.00
 170   226.349 56337.75222509 32.85 306.050996 -23.635883 31.555 -100.00 -100.00 -100.00
 170   226.497 56337.75222568 33.56 306.052097 -23.638332   -100 -100.00 -100.00 -100.00
 170   226.612 56337.75222627 36.20 306.053198 -23.640782   -100 -100.00 -100.00 -100.00
 170   226.498 56337.75222686 36.70 306.054299 -23.643231   -100 -100.00 -100.00 -100.00
 170   226.381 56337.75222745 39.84 306.055400 -23.645681 13.088 -100.00 -100.00 -100.00
 171   227.527 56347.66786376 28.18 306.052896 -23.634010 31.609 -100.00 -100.00 -100.00
 171   227.338 56347.66786435 23.14 306.053997 -23.636459 16.055 -100.00 -100.00 -100.00
 171   226.813 56347.66786494 24.83 306.055098 -23.638909 19.386 -100.00 -100.00 -100.00
 171   226.509 56347.66786553 25.95 306.056199 -23.641358 21.144 -100.00 -100.00 -100.00
 172   226.525 56357.58349955 41.64 306.055383 -23.630822 30.447 -100.00 -100.00 -100.00
 172   226.240 56357.58350014 44.78 306.056483 -23.633272   -100 -100.00 -100.00 -100.00
 172   226.050 56357.58350073 48.98 306.057584 -23.635721 15.436 -100.00 -100.00 -100.00
 173   227.640 56367.49914982 43.80 306.054541 -23.634126 23.108 -100.00 -100.00 -100.00
 173   227.109 56367.49915041 50.19 306.055642 -23.636575   -100 -100.00 -100.00 -100.00
 173   226.809 56367.49915101 52.11 306.056743 -23.639025   -100 -100.00 -100.00 -100.00
 176   226.936 56397.24608790 39.54 306.049288 -23.639123 28.736 -100.00 -100.00 -100.00
 176   226.729 56397.24608849 43.78 306.050389 -23.641573   -100 -100.00 -100.00 -100.00
 176   226.796 56397.24608908 48.60 306.051490 -23.644022   -100 -100.00 -100.00 -100.00
 176   226.484 56397.24608967 49.97 306.052591 -23.646472 10.510 -100.00 -100.00 -100.00
 176   226.529 56397.24609026 52.69 306.053692 -23.648921 25.720 -100.00 -100.00 -100.00
 177   227.122 56407.16172849 40.62 306.050285 -23.638093 16.667 -100.00 -100.00 -100.00
 177   226.271 56407.16172908 45.97 306.051386 -23.640543   -100 -100.00 -100.00 -100.00
 177   225.965 56407.16172967 50.88 306.052487 -23.642992   -100 -100.00 -100.00 -100.00
 177   225.862 56407.16173026 54.14 306.053588 -23.645442 31.847 -100.00 -100.00 -100.00
 177   225.798 56407.16173085 53.75 306.054689 -23.647891   -100 -100.00 -100.00 -100.00
 178   225.566 56417.07736499 15.21 306.052360 -23.635415  5.770 -100.00 -100.00 -100.00
 178   225.446 56417.07736558 16.25 306.053461 -23.637865  7.336 -100.00 -100.00 -100.00
 178   225.548 56417.07736617 17.79 306.054562 -23.640314  9.573 -100.00 -100.00 -100.00
 178   225.584 56417.07736676 21.50 306.055663 -23.642764 17.852 -100.00 -100.00 -100.00
 179   226.184 56426.99299631 39.64 306.054879 -23.630425 27.987 -100.00 -100.00 -100.00
 179   226.673 56426.99299690 42.78 306.055980 -23.632874 21.385 -100.00 -100.00 -100.00
 179   225.801 56426.99299749 48.84 306.057081 -23.635324   -100 -100.00 -100.00 -100.00
 179   225.689 56426.99299809 53.19 306.058182 -23.637773   -100 -100.00 -100.00 -100.00
 180   226.800 56436.90864826 40.69 306.053590 -23.634576 20.806 -100.00 -100.00 -100.00
 180   225.828 56436.90864885 45.92 306.054690 -23.637025   -100 -100.00 -100.00 -100.00
 180   225.740 56436.90864944 51.30 306.055791 -23.639475   -100 -100.00 -100.00 -100.00
 181   227.484 56446.82429963 29.03 306.050518 -23.636191 16.979 -100.00 -100.00 -100.00
 181   227.276 56446.82430022 29.42 306.051619 -23.638641 17.770 -100.00 -100.00 -100.00
 181   226.970 56446.82430081 28.58 306.052720 -23.641090 16.548 -100.00 -100.00 -100.00
 181   226.527 56446.82430140 29.28 306.053821 -23.643540 17.709 -100.00 -100.00 -100.00
 181   225.914 56446.82430199 31.57 306.054922 -23.645989 27.143 -100.00 -100.00 -100.00
 182   226.475 56456.73994954 38.60 306.050142 -23.639811 22.241 -100.00 -100.00 -100.00
 182   225.689 56456.73995013 44.05 306.051243 -23.642261  8.744 -100.00 -100.00 -100.00
 182   225.934 56456.73995072 41.89 306.052344 -23.644710   -100 -100.00 -100.00 -100.00
 182   225.673 56456.73995131 46.10 306.053446 -23.647160  3.908 -100.00 -100.00 -100.00
 183   227.009 56466.65559580 33.33 306.050015 -23.640019 30.707 -100.00 -100.00 -100.00
 183   226.475 56466.65559639 35.83 306.051116 -23.642468   -100 -100.00 -100.00 -100.00
 183   226.957 56466.65559698 37.33 306.052218 -23.644918   -100 -100.00 -100.00 -100.00
 183   227.512 56466.65559757 38.71 306.053319 -23.647368 22.516 -100.00 -100.00 -100.00
 183   226.795 56466.65559816 41.80 306.054420 -23.649817   -100 -100.00 -100.00 -100.00
 184   290.987 56476.57123796 13.18 306.051210 -23.639059 14.091 -100.00 -100.00 -100.00
 184   289.576 56476.57123855 14.34 306.052311 -23.641509 15.941 -100.00 -100.00 -100.00
 184   291.634 56476.57123914 17.44 306.053412 -23.643959 20.908 -100.00 -100.00 -100.00
 184   290.931 56476.57123973 17.89 306.054514 -23.646408 18.667 -100.00 -100.00 -100.00
 185   227.160 56486.48687619 42.74 306.052643 -23.636350 20.760 -100.00 -100.00 -100.00
 185   226.519 56486.48687678 47.79 306.053744 -23.638800   -100 -100.00 -100.00 -100.00
 185   226.178 56486.48687737 48.28 306.054846 -23.641250 15.541 -100.00 -100.00 -100.00
 187   226.747 56506.31814523 40.72 306.055096 -23.631773 24.202 -100.00 -100.00 -100.00
 187   226.004 56506.31814582 45.94 306.056198 -23.634223   -100 -100.00 -100.00 -100.00
 187   226.156 56506.31814641 51.26 306.057299 -23.636673   -100 -100.00 -100.00 -100.00
 188   225.951 56516.23377870 42.91 306.057678 -23.629883   -100 -100.00 -100.00 -100.00
 188   226.140 56516.23377929 48.11 306.058779 -23.632333   -100 -100.00 -100.00 -100.00
 188   225.939 56516.23377988 51.90 306.059880 -23.634783   -100 -100.00 -100.00 -100.00
 189   226.399 56526.14943293 41.68 306.056209 -23.631939 27.285 -100.00 -100.00 -100.00
 189   226.149 56526.14943352 46.03 306.057310 -23.634389   -100 -100.00 -100.00 -100.00
 189   225.723 56526.14943411 50.25 306.058411 -23.636839 21.610 -100.00 -100.00 -100.00
 190   225.623 56536.06508289 40.71 306.055364 -23.632759   -100 -100.00 -100.00 -100.00
 190   225.608 56536.06508348 46.24 306.056465 -23.635208 17.841 -100.00 -100.00 -100.00
 190   225.639 56536.06508407 40.53 306.057566 -23.637658   -100 -100.00 -100.00 -100.00
 192   226.275 56555.89637268 37.82 306.052262 -23.634705 28.664 -100.00 -100.00 -100.00
 192   225.962 56555.89637327 39.57 306.053363 -23.637154   -100 -100.00 -100.00 -100.00
 192   225.985 56555.89637386 42.77 306.054464 -23.639604   -100 -100.00 -100.00 -100.00
 192   225.981 56555.89637445 42.91 306.055565 -23.642054   -100 -100.00 -100.00 -100.00
 193   226.201 56565.81201572 38.83 306.051909 -23.636683 20.828 -100.00 -100.00 -100.00
 193   226.077 56565.81201631 42.97 306.053010 -23.639132 31.032 -100.00 -100.00 -100.00
 193   225.777 56565.81201690 46.74 306.054111 -23.641582   -100 -100.00 -100.00 -100.00
 193   225.613 56565.81201749 47.06 306.055213 -23.644032   -100 -100.00 -100.00 -100.00
 194   226.385 56575.72765711 38.79 306.051848 -23.635640   -100 -100.00 -100.00 -100.00
 194   226.741 56575.72765770 41.70 306.052949 -23.638090 26.720 -100.00 -100.00 -100.00
 194   226.040 56575.72765829 48.28 306.054050 -23.640540 31.199 -100.00 -100.00 -100.00
 194   225.923 56575.72765888 48.57 306.055151 -23.642989   -100 -100.00 -100.00 -100.00
 195   227.558 56585.64329550 25.66 306.053547 -23.633367 21.884 -100.00 -100.00 -100.00
 195   227.331 56585.64329609 27.85 306.054648 -23.635817 28.483 -100.00 -100.00 -100.00
 195   226.815 56585.64329669 24.23 306.055749 -23.638266 17.416 -100.00 -100.00 -100.00
 196   226.032 56595.55893317 37.00 306.055773 -23.631066   -100 -100.00 -100.00 -100.00
 196   227.021 56595.55893376 29.59 306.056874 -23.633516 23.197 -100.00 -100.00 -100.00
 196   227.098 56595.55893435 28.33 306.057975 -23.635966 21.652 -100.00 -100.00 -100.00
 197   226.037 56605.47458661 38.90 306.053505 -23.633708 24.930 -100.00 -100.00 -100.00
 197   226.299 56605.47458720 44.09 306.054606 -23.636158 31.014 -100.00 -100.00 -100.00
 197   225.888 56605.47458779 54.93 306.055707 -23.638608   -100 -100.00 -100.00 -100.00
 198   227.046 56615.39023521 37.80 306.052247 -23.636573 15.443 -100.00 -100.00 -100.00
 198   225.503 56615.39023580 43.02 306.053348 -23.639023  9.936 -100.00 -100.00 -100.00
 198   225.486 56615.39023639 52.77 306.054449 -23.641472   -100 -100.00 -100.00 -100.00
 198   225.801 56615.39023698 48.00 306.055551 -23.643922   -100 -100.00 -100.00 -100.00
 199   226.207 56625.30587945 35.14 306.051663 -23.636577 30.746 -100.00 -100.00 -100.00
 199   226.037 56625.30588004 39.01 306.052765 -23.639027   -100 -100.00 -100.00 -100.00
 199   225.890 56625.30588063 41.74 306.053866 -23.641477   -100 -100.00 -100.00 -100.00
 199   225.729 56625.30588122 43.05 306.054967 -23.643926 23.551 -100.00 -100.00 -100.00
 200   225.826 56635.22152043 38.90 306.051866 -23.634831   -100 -100.00 -100.00 -100.00
 200   226.298 56635.22152102 42.77 306.052966 -23.637281 32.271 -100.00 -100.00 -100.00
 200   225.824 56635.22152161 55.33 306.054067 -23.639730   -100 -100.00 -100.00 -100.00
 200   225.823 56635.22152220 54.71 306.055169 -23.642180   -100 -100.00 -100.00 -100.00
 201   226.394 56645.13715841 40.01 306.054052 -23.632805 29.001 -100.00 -100.00 -100.00
 201   226.577 56645.13715900 44.71 306.055153 -23.635254 28.824 -100.00 -100.00 -100.00
 201   225.871 56645.13715959 50.35 306.056254 -23.637704 27.003 -100.00 -100.00 -100.00
 202   226.970 56655.05281109 38.01 306.052447 -23.633950 19.043 -100.00 -100.00 -100.00
 202   226.371 56655.05281168 42.17 306.053548 -23.636399 31.026 -100.00 -100.00 -100.00
 202   226.080 56655.05281227 47.26 306.054649 -23.638849   -100 -100.00 -100.00 -100.00
 202   225.949 56655.05281286 52.26 306.055750 -23.641298 23.452 -100.00 -100.00 -100.00
 203   227.385 56664.96845965 31.06 306.051686 -23.635451   -100 -100.00 -100.00 -100.00
 203   227.283 56664.96846024 25.93 306.052787 -23.637901 19.216 -100.00 -100.00 -100.00
 203   226.525 56664.96846083 24.98 306.053888 -23.640350 19.210 -100.00 -100.00 -100.00
 203   226.261 56664.96846142 27.00 306.054989 -23.642799 24.443 -100.00 -100.00 -100.00
 205   226.089 56684.79975118 31.79 306.050907 -23.638409 30.960 -100.00 -100.00 -100.00
 205   225.606 56684.79975177 32.18 306.052008 -23.640859   -100 -100.00 -100.00 -100.00
 205   225.668 56684.79975236 39.14 306.053109 -23.643308 32.085 -100.00 -100.00 -100.00
 205   226.144 56684.79975295 37.13 306.054210 -23.645757   -100 -100.00 -100.00 -100.00
 206   226.338 56694.71539419 40.79 306.051165 -23.637282   -100 -100.00 -100.00 -100.00
 206   226.337 56694.71539478 44.84 306.052266 -23.639731   -100 -100.00 -100.00 -100.00
 206   225.950 56694.71539537 50.22 306.053367 -23.642181  7.523 -100.00 -100.00 -100.00
 206   226.043 56694.71539596 52.71 306.054468 -23.644630 22.127 -100.00 -100.00 -100.00
 207   226.142 56704.63103249 19.69 306.052794 -23.633932 13.160 -100.00 -100.00 -100.00
 207   226.031 56704.63103308 20.43 306.053895 -23.636381 12.959 -100.00 -100.00 -100.00
 207   225.817 56704.63103367 25.00 306.054995 -23.638831 28.752 -100.00 -100.00 -100.00
 207   225.925 56704.63103426 26.10 306.056096 -23.641280 29.893 -100.00 -100.00 -100.00
 208   225.866 56714.54666550 35.34 306.055434 -23.630888   -100 -100.00 -100.00 -100.00
 208   225.735 56714.54666609 38.62 306.056535 -23.633338 16.736 -100.00 -100.00 -100.00
 208   225.893 56714.54666668 31.64 306.057636 -23.635787   -100 -100.00 -100.00 -100.00
 209   310.636 56724.46231758  6.14 306.052508 -23.634182 10.656 -100.00 -100.00 -100.00
 209   303.304 56724.46231817  5.45 306.053609 -23.636631  7.705 -100.00 -100.00 -100.00
 210   226.285 56734.37796888 40.75 306.049988 -23.639464 27.943 -100.00 -100.00 -100.00
 210   226.022 56734.37796947 45.84 306.051090 -23.641914   -100 -100.00 -100.00 -100.00
 210   225.896 56734.37797006 50.12 306.052191 -23.644363   -100 -100.00 -100.00 -100.00
 210   225.854 56734.37797065 54.02 306.053292 -23.646812  5.042 -100.00 -100.00 -100.00
 210   225.739 56734.37797124 50.82 306.054393 -23.649262 26.886 -100.00 -100.00 -100.00
 211   226.378 56744.29361619 46.08 306.048829 -23.642691   -100 -100.00 -100.00 -100.00
 211   226.260 56744.29361678 49.13 306.049930 -23.645140   -100 -100.00 -100.00 -100.00
 211   225.802 56744.29361737 53.37 306.051031 -23.647590 28.416 -100.00 -100.00 -100.00
 211   226.032 56744.29361796 50.72 306.052132 -23.650039   -100 -100.00 -100.00 -100.00
 211   225.764 56744.29361855 50.48 306.053233 -23.652488   -100 -100.00 -100.00 -100.00
 212   225.438 56754.20925812 38.72 306.049435 -23.640939   -100 -100.00 -100.00 -100.00
 212   225.459 56754.20925871 39.81 306.050536 -23.643388   -100 -100.00 -100.00 -100.00
 212   225.512 56754.20925930 42.01 306.051637 -23.645838   -100 -100.00 -100.00 -100.00
 212   225.577 56754.20925989 42.88 306.052738 -23.648287   -100 -100.00 -100.00 -100.00
 212   225.619 56754.20926048 37.93 306.053839 -23.650736   -100 -100.00 -100.00 -100.00
 213   225.908 56764.12489409 43.77 306.052198 -23.636816   -100 -100.00 -100.00 -100.00
 213   225.974 56764.12489468 49.00 306.053298 -23.639265   -100 -100.00 -100.00 -100.00
 213   225.672 56764.12489527 50.82 306.054399 -23.641715   -100 -100.00 -100.00 -100.00
 213   225.901 56764.12489586 46.80 306.055500 -23.644164  6.940 -100.00 -100.00 -100.00
 214   226.106 56774.04052820 47.12 306.054146 -23.632206  1.776 -100.00 -100.00 -100.00
 214   226.404 56774.04052879 47.22 306.055246 -23.634656   -100 -100.00 -100.00 -100.00
 214   225.949 56774.04052938 47.41 306.056347 -23.637105 19.170 -100.00 -100.00 -100.00
 215   225.710 56783.95618571 45.96 306.051437 -23.637668   -100 -100.00 -100.00 -100.00
 215   225.526 56783.95618630 50.45 306.052538 -23.640117 32.624 -100.00 -100.00 -100.00
 215   225.552 56783.95618689 52.10 306.053638 -23.642566   -100 -100.00 -100.00 -100.00
 215   225.628 56783.95618748 52.38 306.054739 -23.645016 30.043 -100.00 -100.00 -100.00
 216   226.006 56793.87183947 41.83 306.048471 -23.641686 26.832 -100.00 -100.00 -100.00
 216   225.288 56793.87184006 46.40 306.049572 -23.644135 13.282 -100.00 -100.00 -100.00
 216   225.458 56793.87184065 49.93 306.050673 -23.646584  9.394 -100.00 -100.00 -100.00
 216   225.232 56793.87184124 46.42 306.051774 -23.649034 20.968 -100.00 -100.00 -100.00
 216   225.150 56793.87184183 41.55 306.052875 -23.651483   -100 -100.00 -100.00 -100.00
 217   225.657 56803.78749025 47.23 306.047199 -23.645201  1.832 -100.00 -100.00 -100.00
 217   226.388 56803.78749084 38.06 306.048301 -23.647650   -100 -100.00 -100.00 -100.00
 217   226.012 56803.78749143 37.53 306.049402 -23.650100   -100 -100.00 -100.00 -100.00
 217   225.350 56803.78749202 36.08 306.050503 -23.652549   -100 -100.00 -100.00 -100.00
 217   225.507 56803.78749261 35.84 306.051604 -23.654999   -100 -100.00 -100.00 -100.00
 218   226.870 56813.70313278 38.32 306.048091 -23.643137   -100 -100.00 -100.00 -100.00
 218   226.685 56813.70313337 34.42 306.049192 -23.645587   -100 -100.00 -100.00 -100.00
 218   226.149 56813.70313396 34.61 306.050293 -23.648036   -100 -100.00 -100.00 -100.00
 218   225.834 56813.70313455 31.65 306.051394 -23.650486   -100 -100.00 -100.00 -100.00
 218   225.769 56813.70313514 28.97 306.052496 -23.652935 22.533 -100.00 -100.00 -100.00
 219   227.067 56823.61877153 47.83 306.049492 -23.639012   -100 -100.00 -100.00 -100.00
 219   226.519 56823.61877212 50.32 306.050593 -23.641462   -100 -100.00 -100.00 -100.00
 219   226.311 56823.61877271 53.00 306.051694 -23.643912   -100 -100.00 -100.00 -100.00
 219   226.090 56823.61877330 55.39 306.052795 -23.646361   -100 -100.00 -100.00 -100.00
 219   226.237 56823.61877389 48.82 306.053897 -23.648811   -100 -100.00 -100.00 -100.00
 221   225.286 56843.45003802 42.87 306.054490 -23.633381   -100 -100.00 -100.00 -100.00
 221   225.520 56843.45003861 43.93 306.055591 -23.635831   -100 -100.00 -100.00 -100.00
 221   225.096 56843.45003920 46.70 306.056692 -23.638280  7.966 -100.00 -100.00 -100.00
 222   225.156 56853.36567967 47.14 306.054272 -23.633086  1.494 -100.00 -100.00 -100.00
 222   225.305 56853.36568026 47.27 306.055374 -23.635536   -100 -100.00 -100.00 -100.00
 222   225.058 56853.36568085 52.38 306.056475 -23.637986 25.425 -100.00 -100.00 -100.00
 223   227.266 56863.28133348 48.45 306.052054 -23.635595   -100 -100.00 -100.00 -100.00
 223   227.081 56863.28133407 44.04 306.053155 -23.638045 25.536 -100.00 -100.00 -100.00
 223   226.914 56863.28133466 36.64 306.054256 -23.640495   -100 -100.00 -100.00 -100.00
 223   226.321 56863.28133525 41.20 306.055357 -23.642945 13.740 -100.00 -100.00 -100.00
 224   225.655 56873.19698679 46.83 306.051412 -23.638395   -100 -100.00 -100.00 -100.00
 224   225.605 56873.19698738 49.26 306.052513 -23.640845   -100 -100.00 -100.00 -100.00
 224   225.449 56873.19698797 53.07 306.053614 -23.643295   -100 -100.00 -100.00 -100.00
 224   225.507 56873.19698856 50.59 306.054715 -23.645744   -100 -100.00 -100.00 -100.00
 225   227.194 56883.11263606 40.74 306.050206 -23.637267 16.206 -100.00 -100.00 -100.00
 225   227.086 56883.11263665 37.54 306.051308 -23.639716   -100 -100.00 -100.00 -100.00
 225   226.890 56883.11263724 35.22 306.052409 -23.642166   -100 -100.00 -100.00 -100.00
 225   226.306 56883.11263783 33.05 306.053510 -23.644616   -100 -100.00 -100.00 -100.00
 225   226.093 56883.11263842 30.36 306.054611 -23.647065 21.185 -100.00 -100.00 -100.00
 226   225.376 56893.02828224 34.43 306.049835 -23.637507 27.496 -100.00 -100.00 -100.00
 226   225.622 56893.02828283 39.05 306.050936 -23.639956   -100 -100.00 -100.00 -100.00
 226   225.360 56893.02828342 39.16 306.052037 -23.642406   -100 -100.00 -100.00 -100.00
 226   225.099 56893.02828401 47.07 306.053139 -23.644856   -100 -100.00 -100.00 -100.00
 226   225.530 56893.02828460 45.16 306.054240 -23.647305   -100 -100.00 -100.00 -100.00
 227   225.819 56902.94392570 40.11 306.049341 -23.639836 21.721 -100.00 -100.00 -100.00
 227   225.929 56902.94392629 45.08 306.050442 -23.642286 23.721 -100.00 -100.00 -100.00
 227   225.420 56902.94392688 50.41 306.051543 -23.644736   -100 -100.00 -100.00 -100.00
 227   225.047 56902.94392747 54.44 306.052644 -23.647185 31.024 -100.00 -100.00 -100.00
 227   225.092 56902.94392806 50.85 306.053746 -23.649635   -100 -100.00 -100.00 -100.00
 228   225.242 56912.85956730 42.85 306.047990 -23.641574   -100 -100.00 -100.00 -100.00
 228   225.305 56912.85956789 43.20 306.049091 -23.644024   -100 -100.00 -100.00 -100.00
 228   225.418 56912.85956848 46.27 306.050192 -23.646474   -100 -100.00 -100.00 -100.00
 228   225.258 56912.85956907 48.03 306.051294 -23.648924   -100 -100.00 -100.00 -100.00
 228   225.077 56912.85956966 51.47 306.052395 -23.651373 27.650 -100.00 -100.00 -100.00
 229   225.762 56922.77520756 26.65 306.048723 -23.642393 28.876 -100.00 -100.00 -100.00
 229   225.173 56922.77520816 28.93 306.049824 -23.644843   -100 -100.00 -100.00 -100.00
 229   225.132 56922.77520875 30.82 306.050925 -23.647293   -100 -100.00 -100.00 -100.00
 229   225.307 56922.77520934 30.63 306.052027 -23.649743   -100 -100.00 -100.00 -100.00
 229   225.427 56922.77520993 31.30 306.053128 -23.652192   -100 -100.00 -100.00 -100.00
 230   227.193 56932.69084471 30.42 306.050107 -23.637723 18.566 -100.00 -100.00 -100.00
 230   226.833 56932.69084530 33.00 306.051209 -23.640173 24.381 -100.00 -100.00 -100.00
 230   226.353 56932.69084589 37.97 306.052310 -23.642623   -100 -100.00 -100.00 -100.00
 230   226.133 56932.69084648 38.06 306.053411 -23.645073   -100 -100.00 -100.00 -100.00
 230   226.475 56932.69084707 40.04 306.054512 -23.647523   -100 -100.00 -100.00 -100.00
 231   226.483 56942.60647698 36.39 306.053967 -23.633071 17.000 -100.00 -100.00 -100.00
 231   225.408 56942.60647757 38.97 306.055068 -23.635521   -100 -100.00 -100.00 -100.00
 231   225.160 56942.60647816 39.42 306.056169 -23.637971 15.057 -100.00 -100.00 -100.00
 232   225.381 56952.52212183 22.40 306.055410 -23.633369 14.447 -100.00 -100.00 -100.00
 232   225.422 56952.52212242 23.26 306.056511 -23.635819 15.256 -100.00 -100.00 -100.00
 232   225.323 56952.52212301 24.45 306.057612 -23.638269 16.904 -100.00 -100.00 -100.00
 233   225.477 56962.43777306 38.09 306.052367 -23.634593   -100 -100.00 -100.00 -100.00
 233   226.250 56962.43777365 42.23 306.053468 -23.637043 21.625 -100.00 -100.00 -100.00
 233   225.512 56962.43777424 53.52 306.054569 -23.639493   -100 -100.00 -100.00 -100.00
 233   225.545 56962.43777483 54.75 306.055670 -23.641943   -100 -100.00 -100.00 -100.00
 234   226.209 56972.35341948 38.97 306.050360 -23.636880 23.916 -100.00 -100.00 -100.00
 234   225.575 56972.35342007 43.14 306.051461 -23.639330   -100 -100.00 -100.00 -100.00
 234   225.778 56972.35342066 47.32 306.052563 -23.641780   -100 -100.00 -100.00 -100.00
 234   225.565 56972.35342125 51.21 306.053664 -23.644229  4.302 -100.00 -100.00 -100.00
 234   225.400 56972.35342184 53.17 306.054765 -23.646679   -100 -100.00 -100.00 -100.00
 235   225.501 56982.26906174 34.45 306.051239 -23.638803   -100 -100.00 -100.00 -100.00
 235   225.372 56982.26906233 37.25 306.052340 -23.641253   -100 -100.00 -100.00 -100.00
 235   225.456 56982.26906292 40.97 306.053441 -23.643703   -100 -100.00 -100.00 -100.00
 235   225.824 56982.26906351 40.02 306.054542 -23.646152   -100 -100.00 -100.00 -100.00
 236   225.592 56992.18469790 33.46 306.052668 -23.633743 30.505 -100.00 -100.00 -100.00
 236   225.763 56992.18469849 37.57 306.053769 -23.636193   -100 -100.00 -100.00 -100.00
 236   225.330 56992.18469908 36.08 306.054870 -23.638642  9.984 -100.00 -100.00 -100.00
 236   225.269 56992.18469967 33.57 306.055971 -23.641092  0.608 -100.00 -100.00 -100.00
 237   226.191 57002.10033113 44.22 306.057040 -23.630180 30.143 -100.00 -100.00 -100.00
 237   226.050 57002.10033172 48.13 306.058141 -23.632630   -100 -100.00 -100.00 -100.00
 237   225.864 57002.10033231 52.17 306.059242 -23.635079   -100 -100.00 -100.00 -100.00
 238   225.917 57012.01598870 37.44 306.055093 -23.633436   -100 -100.00 -100.00 -100.00
 238   225.498 57012.01598929 35.65 306.056194 -23.635885  2.999 -100.00 -100.00 -100.00
 238   225.448 57012.01598988 32.59 306.057295 -23.638335   -100 -100.00 -100.00 -100.00
 239   225.088 57021.93164015 18.99 306.052344 -23.634379 15.144 -100.00 -100.00 -100.00
 239   225.228 57021.93164074 19.85 306.053445 -23.636829 16.230 -100.00 -100.00 -100.00
 239   224.960 57021.93164133 25.14 306.054546 -23.639278   -100 -100.00 -100.00 -100.00
 239   225.387 57021.93164192 24.84 306.055647 -23.641728 32.278 -100.00 -100.00 -100.00
 240   227.262 57031.84728994 27.35 306.051380 -23.638622 26.650 -100.00 -100.00 -100.00
 240   226.757 57031.84729053 29.39 306.052481 -23.641072   -100 -100.00 -100.00 -100.00
 240   226.191 57031.84729112 28.16 306.053582 -23.643521 32.684 -100.00 -100.00 -100.00
 240   225.956 57031.84729171 33.02 306.054684 -23.645970   -100 -100.00 -100.00 -100.00
 241   226.292 57041.76293727 42.22 306.050632 -23.639453 24.540 -100.00 -100.00 -100.00
 241   225.838 57041.76293786 54.22 306.051733 -23.641903   -100 -100.00 -100.00 -100.00
 241   225.556 57041.76293845 52.52 306.052834 -23.644352 16.684 -100.00 -100.00 -100.00
 241   225.731 57041.76293904 54.23 306.053935 -23.646802  6.047 -100.00 -100.00 -100.00
 243   227.172 57061.59422262 35.61 306.051819 -23.634526   -100 -100.00 -100.00 -100.00
 243   225.844 57061.59422321 39.13 306.052920 -23.636975   -100 -100.00 -100.00 -100.00
 243   225.870 57061.59422380 38.13 306.054021 -23.639425   -100 -100.00 -100.00 -100.00
 243   225.605 57061.59422439 41.28 306.055122 -23.641874 27.164 -100.00 -100.00 -100.00
 244   225.955 57071.50985811 42.29 306.054087 -23.633312   -100 -100.00 -100.00 -100.00
 244   225.769 57071.50985870 44.98 306.055188 -23.635761   -100 -100.00 -100.00 -100.00
 244   225.799 57071.50985929 49.35 306.056289 -23.638211 15.354 -100.00 -100.00 -100.00
 245   227.254 57081.42548900 41.06 306.055165 -23.631082 18.830 -100.00 -100.00 -100.00
 245   226.525 57081.42548959 45.19 306.056266 -23.633532   -100 -100.00 -100.00 -100.00
 245   226.115 57081.42549018 50.55 306.057367 -23.635981 32.684 -100.00 -100.00 -100.00
 246   226.488 57091.34113288 40.23 306.053743 -23.633321 19.729 -100.00 -100.00 -100.00
 246   226.100 57091.34113347 44.09 306.054844 -23.635771 30.966 -100.00 -100.00 -100.00
 246   225.834 57091.34113406 50.60 306.055945 -23.638220   -100 -100.00 -100.00 -100.00
 247   226.333 57101.25679094 37.34 306.050306 -23.638143 21.526 -100.00 -100.00 -100.00
 247   225.715 57101.25679153 41.25 306.051407 -23.640592   -100 -100.00 -100.00 -100.00
 247   225.919 57101.25679212 46.58 306.052508 -23.643042   -100 -100.00 -100.00 -100.00
 247   225.958 57101.25679271 47.52 306.053609 -23.645491   -100 -100.00 -100.00 -100.00
 247   225.869 57101.25679330 50.66 306.054710 -23.647940   -100 -100.00 -100.00 -100.00
 248   226.135 57111.17244507 41.06 306.049355 -23.639773 27.257 -100.00 -100.00 -100.00
 248   225.905 57111.17244566 46.03 306.050456 -23.642223   -100 -100.00 -100.00 -100.00
 248   225.822 57111.17244625 51.67 306.051556 -23.644672   -100 -100.00 -100.00 -100.00
 248   225.752 57111.17244684 54.25 306.052657 -23.647122  6.536 -100.00 -100.00 -100.00
 248   225.640 57111.17244743 51.70 306.053758 -23.649571 10.587 -100.00 -100.00 -100.00
 249   226.116 57121.08809280 38.30 306.050186 -23.637893 23.409 -100.00 -100.00 -100.00
 249   225.754 57121.08809339 41.18 306.051287 -23.640343   -100 -100.00 -100.00 -100.00
 249   225.609 57121.08809398 45.22 306.052388 -23.642792 18.702 -100.00 -100.00 -100.00
 249   225.833 57121.08809457 48.32 306.053489 -23.645241   -100 -100.00 -100.00 -100.00
 249   225.912 57121.08809516 47.62 306.054590 -23.647691   -100 -100.00 -100.00 -100.00
 250   227.207 57131.00373472 38.94 306.050802 -23.635796 16.644 -100.00 -100.00 -100.00
 250   227.297 57131.00373531 43.13 306.051903 -23.638245 15.809 -100.00 -100.00 -100.00
 250   226.208 57131.00373590 54.20 306.053004 -23.640694  1.131 -100.00 -100.00 -100.00
 250   226.172 57131.00373649 54.24 306.054105 -23.643144  6.116 -100.00 -100.00 -100.00
 250   226.148 57131.00373708 50.76 306.055206 -23.645593  7.992 -100.00 -100.00 -100.00
