# NaN NaN NaN ;Mean Elev.(m), Avg Gradient(m/km), RMS Gradient(m/km) - SRTM1     
# NaN NaN NaN ;Mean Elev.(m), Avg Gradient(m/km), RMS Gradient(m/km) - ASTER GDEM
#  238.921  -4.962  15.000 ;Mean Elev.(m), Avg Gradient(m/km), RMS Gradient(m/km) - GMTED2010 
   1 306.622698 -22.784334   234.129   234.095  4 54666.40886476 53.006
   2 306.622144 -22.784072   302.239   301.645  4 54676.32450890 28.729
   6 306.623981 -22.786994   293.271   293.271  2 54715.98708342  0.457
   8 306.616288 -22.786058   288.221   288.285  4 54735.81838115 18.092
   9 306.614182 -22.785330   304.233   303.506  4 54745.73402891  6.299
  11 306.613787 -22.786953   233.743   233.738  5 54765.56532191 30.082
  12 306.614990 -22.785604   302.414   301.543  5 54775.48096523 11.787
  13 306.614820 -22.786079   298.496   299.336  5 54785.39660541 22.784
  14 306.617838 -22.781256   276.774   276.774  2 54795.31224522  4.850
  17 306.624074 -22.784203   280.491   280.577  4 54825.05916616 25.899
  18 306.619899 -22.785337   233.604   233.555  4 54834.97480533 25.803
  19 306.615724 -22.785845   233.792   233.765  5 54844.89045493 24.577
  20 306.614034 -22.784637   233.725   233.697  3 54854.80610452 27.593
  21 306.612881 -22.786195   234.228   234.238  5 54864.72175354 43.019
  22 306.613344 -22.784920   234.214   234.244  4 54874.63740292 23.371
  23 306.612266 -22.787474   234.884   234.908  5 54884.55304862 37.731
  24 306.611759 -22.785917   234.707   234.683  5 54894.46869154 49.976
  25 306.610133 -22.785857   234.398   234.401  4 54904.38433113 50.195
  27 306.612143 -22.785663   235.420   235.467  5 54924.21560703 24.046
  28 306.616117 -22.784976   234.088   234.049  5 54934.13124426 52.038
  30 306.624836 -22.784151   233.634   233.629  4 54953.96251275 44.643
  31 306.623094 -22.783443   234.013   234.055  4 54963.87815759 31.436
  32 306.619375 -22.785474   233.997   234.024  4 54973.79380517 29.878
  42 306.623861 -22.783637   234.021   234.053  4 55072.95023868 42.133
  43 306.618033 -22.786137   234.350   234.368  5 55082.86588597 26.417
  44 306.614780 -22.786011   316.448   316.702  5 55092.78153283  2.615
  45 306.613220 -22.787212   234.552   234.550  5 55102.69717945 22.811
  55 306.618083 -22.785668   294.657   301.992  4 55201.85360402 12.667
  56 306.614900 -22.786178   289.643   288.763  5 55211.76925371  8.581
  57 306.614196 -22.786267   300.341   300.390  5 55221.68490325 24.160
  66 306.620794 -22.785593   234.951   234.850  4 55310.92566879 31.360
  67 306.618488 -22.785503   234.320   234.305  5 55320.84131400 37.023
  68 306.616439 -22.786399   234.787   234.650  5 55330.75695813 28.838
  69 306.616621 -22.786026   234.419   234.459  4 55340.67260264 29.287
  77 306.623145 -22.785207   234.163   234.159  4 55419.99773705 29.380
  78 306.619645 -22.785104   233.809   233.764  4 55429.91338368 34.759
  79 306.615516 -22.787227   234.058   233.988  5 55439.82902762 31.272
  80 306.614702 -22.786464   233.846   233.968  5 55449.74467128 29.232
  81 306.615774 -22.786143   233.813   233.738  6 55459.66031464 27.179
  89 306.619664 -22.785285   300.573   300.730  4 55538.98545284 27.645
  90 306.618303 -22.786047   234.492   234.510  5 55548.90109793 49.955
  91 306.616354 -22.786844   234.059   233.993  5 55558.81674143 48.620
  92 306.616342 -22.786080   234.173   234.121  4 55568.73238469 26.879
 101 306.619233 -22.784857   235.381   235.356  5 55657.97316082 39.849
 103 306.617982 -22.785122   300.522   300.449  5 55677.80444213  8.854
 104 306.619939 -22.785651   234.237   234.301  4 55687.72007996 35.405
 113 306.621767 -22.784665   234.274   234.243  5 55776.96086336 32.996
 117 306.625697 -22.782548   234.419   234.419  2 55816.62342477 24.207
 119 306.623999 -22.784310   234.095   234.089  5 55836.45471226 36.481
 121 306.626496 -22.781100   234.539   234.539  2 55856.28598695 25.526
 137 306.621454 -22.782865   234.447   234.447  2 56014.93628621 33.133
 139 306.615369 -22.786794   234.537   234.538  5 56034.76757331 45.240
 141 306.622212 -22.785275   233.783   233.716  4 56054.59885388 28.081
 142 306.626043 -22.784709   234.158   234.113  4 56064.51448892 25.194
 143 306.624696 -22.785076   234.269   234.236  4 56074.43013241 26.290
 150 306.623561 -22.785082   234.312   234.322  4 56143.83961396 29.266
 151 306.621072 -22.784433   234.254   234.204  4 56153.75526449 27.670
 152 306.619842 -22.785641   234.226   234.188  4 56163.67091358 25.403
 153 306.621012 -22.784450   234.182   234.181  4 56173.58656128 44.432
 154 306.621606 -22.785425   233.800   233.865  4 56183.50220338 30.742
 164 306.620479 -22.785366   234.459   234.500  4 56282.65862814 27.417
 165 306.618958 -22.785024   233.567   233.673  5 56292.57428058 28.974
 166 306.616479 -22.785960   290.012   290.934  4 56302.48992810  4.730
 168 306.613407 -22.787225   233.744   233.639  5 56322.32121210 20.675
 173 306.621492 -22.781319   234.395   234.395  2 56371.89942085 35.940
 175 306.614284 -22.786882   233.728   233.789  5 56391.73071071 44.070
 177 306.620755 -22.784655   233.606   233.506  4 56411.56199509 32.193
 178 306.624765 -22.783915   233.442   233.439  4 56421.47763074 43.160
 179 306.625506 -22.783379   233.609   233.455  4 56431.39327007 31.808
 180 306.619823 -22.784754   234.248   234.273  4 56441.30892156 24.450
 185 306.618522 -22.785593   234.011   234.034  4 56490.88713980 34.350
 188 306.627194 -22.783251   234.042   234.033  4 56520.63405355 25.794
 189 306.624188 -22.784823   233.702   233.717  4 56530.54970654 27.609
 191 306.619836 -22.784932   233.487   233.450  5 56550.38100082 53.263
 192 306.617890 -22.785724   234.047   234.019  4 56560.29664309 28.639
 197 306.622482 -22.784001   234.194   234.206  4 56609.87485895 43.414
 198 306.619312 -22.785463   233.824   233.855  4 56619.79050464 28.500
 200 306.620793 -22.784841   234.032   234.082  5 56639.62178807 25.618
 201 306.620842 -22.784950   233.735   233.836  5 56649.53743426 27.577
 202 306.617290 -22.785622   234.246   234.201  5 56659.45308544 27.460
 203 306.614986 -22.785225   233.954   234.047  5 56669.36873280 29.875
 208 306.622723 -22.784138   233.750   233.662  4 56718.94693731 33.255
 211 306.616356 -22.783255   234.183   234.183  2 56748.69388330 26.814
 215 306.616591 -22.785483   233.122   233.097  5 56788.35645975 26.877
 216 306.610303 -22.790709   288.710   288.710  2 56798.27210988  5.181
 217 306.611610 -22.785681   233.175   233.092  5 56808.18775691 39.536
 223 306.620344 -22.782479   234.378   234.378  2 56867.68160628 27.154
 224 306.617292 -22.786605   233.026   233.046  5 56877.59725706 49.650
 225 306.616037 -22.785426   232.887   232.807  5 56887.51290585 41.054
 226 306.613317 -22.786685   233.055   233.076  5 56897.42855113 48.797
 228 306.613115 -22.786269   280.040   280.316  5 56917.25983464 27.958
 230 306.622336 -22.784271   232.977   232.640  4 56937.09110954 30.268
 231 306.627799 -22.783993   233.608   233.671  5 56947.00674053 50.431
 235 306.619465 -22.785740   233.687   233.679  4 56986.66932840 31.686
 236 306.624021 -22.784289   233.417   233.209  4 56996.58496393 30.844
 237 306.623922 -22.783795   233.664   233.725  4 57006.50060952 28.339
 239 306.615173 -22.786171   297.465   297.472  6 57026.33191351 23.094
 241 306.616723 -22.785496   234.372   234.322  5 57046.16320780 48.827
 242 306.619291 -22.785036   233.192   233.109  5 57056.07885040 37.600
 243 306.620730 -22.785521   234.044   233.969  4 57065.99448756 51.268
 247 306.619577 -22.784929   233.433   233.346  4 57105.65706452 26.447
 248 306.618947 -22.785067   233.541   233.565  5 57115.57271638 25.468
 249 306.618372 -22.785171   233.160   233.101  5 57125.48836185 27.318
