# NaN NaN NaN ;Mean Elev.(m), Avg Gradient(m/km), RMS Gradient(m/km) - SRTM1     
# NaN NaN NaN ;Mean Elev.(m), Avg Gradient(m/km), RMS Gradient(m/km) - ASTER GDEM
#   30.137  -0.026   0.722 ;Mean Elev.(m), Avg Gradient(m/km), RMS Gradient(m/km) - GMTED2010 
   1 300.407646 -29.582575    28.414    28.418  4 54663.02502462 46.851
   2 300.404577 -29.581440    28.236    28.282  6 54672.94066848 44.589
   3 300.402239 -29.580573    21.741    22.133  7 54682.85631125 26.968
   4 300.403627 -29.581090    28.769    28.731  6 54692.77195363 48.871
   5 300.409341 -29.584473    29.441    29.323  4 54702.68759471 48.113
   6 300.409881 -29.583249    28.825    28.831  4 54712.60324352 40.307
   7 300.408096 -29.582826    28.439    28.417  4 54722.51889448 50.877
   8 300.403434 -29.581497    27.936    27.893  7 54732.43454242 41.344
   9 300.398072 -29.579228    27.907    27.851 10 54742.35018840 35.386
  10 300.393730 -29.573837    28.671    28.668 15 54752.26583343 32.433
  11 300.394421 -29.573434    28.355    28.333 14 54762.18147953 31.139
  12 300.400546 -29.580440    29.439    29.460  9 54772.09712510 50.650
  13 300.403306 -29.581724    29.461    29.427  7 54782.01276631 33.756
  14 300.404590 -29.581765    29.550    29.633  7 54791.92840485 52.203
  17 300.407739 -29.582605    28.547    28.525  4 54821.67532286 26.624
  18 300.405147 -29.581434    27.348    27.375  6 54831.59097526 49.173
  19 300.400797 -29.579410    27.558    27.562  8 54841.50661389 29.777
  20 300.393371 -29.573470    27.820    27.746 15 54851.42226155 28.882
  21 300.391623 -29.576859    27.958    27.943 16 54861.33791098 40.286
  22 300.390392 -29.577190    28.047    28.033 16 54871.25355961 37.350
  23 300.391342 -29.575883    28.344    28.340 16 54881.16920639 33.287
  24 300.393644 -29.574147    28.469    28.449 15 54891.08484982 51.268
  25 300.394510 -29.573176    28.661    28.702 14 54901.00049030 31.734
  26 300.394257 -29.574814    28.170    28.124 15 54910.91612949 49.666
  27 300.393352 -29.575349    28.141    28.101 15 54920.83176741 51.192
  28 300.393582 -29.572704    28.148    28.165 15 54930.74740448 24.451
  29 300.402711 -29.580974    28.037    28.081  8 54940.66304329 25.676
  30 300.409413 -29.583175    28.047    28.048  3 54950.57867903 48.791
  31 300.411063 -29.582867    27.387    27.428  4 54960.49431929 33.907
  32 300.407848 -29.582535    27.620    27.623  4 54970.40996756 38.229
  33 300.404744 -29.581873    27.509    27.485  7 54980.32561429 30.931
  34 300.402505 -29.580964    28.353    28.352  7 54990.24126057 51.303
  35 300.401107 -29.579685    28.092    28.071  8 55000.15690663 45.620
  36 300.400533 -29.579420    27.842    27.765  9 55010.07255111 35.972
  37 300.400761 -29.579947    27.932    27.917  9 55019.98819423 28.110
  38 300.399790 -29.579825    28.818    28.818  9 55029.90383608 39.453
  39 300.398451 -29.578672    28.887    28.887 10 55039.81947724 48.673
  40 300.400469 -29.579304    28.879    28.833  9 55049.73511798 32.742
  41 300.405898 -29.582354    29.181    29.184  5 55059.65075751 35.930
  42 300.409408 -29.583433    28.884    28.886  3 55069.56639843 47.569
  43 300.407655 -29.583021    28.730    28.723  5 55079.48204794 44.085
  44 300.402764 -29.580635    28.750    28.755  7 55089.39769463 37.465
  45 300.397942 -29.578607    29.197    29.169 10 55099.31333997 36.574
  46 300.393714 -29.573329    29.499    29.518 15 55109.22898404 35.943
  47 300.397657 -29.577668    28.961    29.015 10 55119.14462939 32.933
  48 300.402174 -29.580661    29.697    29.668  7 55129.06027207 33.245
  49 300.404336 -29.581506    30.166    30.145  6 55138.97591216 34.072
  50 300.404198 -29.581200    30.013    30.017  6 55148.89155074 48.867
  51 300.404146 -29.581143    30.172    30.156  6 55158.80718930 33.793
  52 300.405469 -29.581880    30.147    30.235  5 55168.72282809 34.094
  53 300.408459 -29.583839    30.171    30.179  4 55178.63846647 46.727
  54 300.407126 -29.582577    30.466    30.497  4 55188.55411232 45.398
  55 300.401962 -29.579975    30.283    30.261  8 55198.46976270 32.456
  56 300.394973 -29.573840    30.430    30.426 15 55208.38541110 33.958
  57 300.392932 -29.574284    30.537    30.534 15 55218.30106048 56.510
  58 300.392579 -29.574864    30.617    30.616 15 55228.21670902 50.175
  59 300.393286 -29.574140    30.466    30.466 16 55238.13235434 34.235
  60 300.395045 -29.573992    30.377    30.317 15 55248.04799618 36.451
  61 300.398075 -29.578907    30.011    29.978 10 55257.96363683 30.702
  62 300.394599 -29.572800    29.819    29.782 15 55267.87927405 37.710
  63 300.394682 -29.573248    29.829    29.832 14 55277.79491268 38.066
  64 300.399991 -29.579353    29.873    29.857  9 55287.71055181 33.183
  65 300.406256 -29.582776    30.024    29.930  6 55297.62618817 39.375
  66 300.408598 -29.583645    29.993    29.991  4 55307.54183083 39.322
  67 300.406393 -29.582489    30.005    29.999  5 55317.45747706 49.766
  68 300.403765 -29.582021    30.026    30.065  7 55327.37312195 32.696
  69 300.400964 -29.579801    29.612    29.587  9 55337.28876533 37.106
  70 300.400838 -29.580149    29.701    29.716  9 55347.20440880 45.886
  71 300.401351 -29.580088    29.216    29.230  8 55357.12005064 30.035
  72 300.402040 -29.580605    28.968    28.869  8 55367.03569051 36.477
  73 300.402878 -29.580923    28.651    28.653  7 55376.95132898 52.905
  74 300.404853 -29.582346    28.801    28.755  6 55386.86696708 33.311
  75 300.407546 -29.583541    28.832    28.840  5 55396.78260453 34.961
  76 300.409616 -29.583703    28.983    28.981  4 55406.69824705 48.131
  77 300.408289 -29.583885    28.727    28.728  4 55416.61389820 39.584
  78 300.405945 -29.582462    28.613    28.609  6 55426.52954571 40.184
  79 300.403652 -29.581434    28.159    28.159  7 55436.44519046 53.942
  80 300.400776 -29.579394    28.276    28.276  8 55446.36083348 49.730
  81 300.399492 -29.578757    28.389    28.397  9 55456.27647616 27.624
  82 300.400726 -29.579691    28.060    28.035  8 55466.19211859 31.124
  83 300.404699 -29.581637    28.488    28.476  7 55476.10775834 30.461
  84 300.409041 -29.583404    28.802    28.789  4 55486.02339496 42.233
  85 300.411124 -29.583289    28.506    28.431  4 55495.93902902 50.096
  86 300.411452 -29.583010    28.561    28.498  4 55505.85466387 37.517
  87 300.407418 -29.582654    28.487    28.575  5 55515.77031437 30.206
  88 300.405458 -29.582861    28.111    28.104  6 55525.68596444 37.717
  89 300.402460 -29.579991    28.337    28.243  7 55535.60161187 30.844
  90 300.400781 -29.580050    29.291    29.291  9 55545.51725798 54.145
  91 300.397679 -29.578207    29.411    29.446 10 55555.43290161 34.532
  92 300.393529 -29.572594    28.930    28.968 15 55565.34854328 31.141
  93 300.397232 -29.576810    28.689    28.696  9 55575.26418675 56.363
  94 300.402327 -29.580468    28.868    28.865  7 55585.17982842 51.983
  95 300.407352 -29.583177    29.312    29.322  4 55595.09546651 51.129
  96 300.410021 -29.583627    29.300    29.281  3 55605.01110060 53.350
  97 300.411028 -29.582555    29.922    29.915  3 55614.92673237 52.616
  98 300.410885 -29.583185    30.055    30.059  3 55624.84237245 50.318
  99 300.407809 -29.583149    29.955    29.966  4 55634.75802497 48.632
 100 300.406063 -29.582138    30.341    30.352  5 55644.67367529 32.368
 101 300.405612 -29.581999    30.492    30.510  5 55654.58932312 47.328
 102 300.405387 -29.582058    30.456    30.451  6 55664.50496643 38.423
 103 300.403882 -29.580956    30.235    30.228  6 55674.42060616 31.553
 104 300.403010 -29.580338    29.972    29.973  7 55684.33624412 47.854
 105 300.405204 -29.581843    29.384    29.317  5 55694.25188128 45.381
 106 300.409471 -29.583652    29.030    28.974  4 55704.16751717 35.938
 107 300.409545 -29.583411    28.702    28.651  4 55714.08316254 48.356
 108 300.405859 -29.581672    28.625    28.730  5 55723.99881029 44.924
 109 300.402211 -29.580658    28.663    28.662  7 55733.91445640 28.380
 110 300.399672 -29.579341    28.670    28.674 10 55743.83010147 27.119
 111 300.400288 -29.579920    28.975    28.926  9 55753.74574599 46.135
 112 300.404233 -29.581751    28.851    28.862  6 55763.66138887 32.995
 113 300.407879 -29.582842    29.364    29.369  4 55773.57702886 45.416
 114 300.409965 -29.583953    29.783    29.788  4 55783.49266534 48.406
 115 300.410176 -29.583063    29.662    29.664  4 55793.40829856 46.260
 116 300.410966 -29.582696    29.959    29.956  3 55803.32393389 47.798
 117 300.409915 -29.583880    29.743    29.738  3 55813.23958339 51.647
 118 300.410367 -29.583837    29.580    29.576  3 55823.15523087 54.776
 119 300.411621 -29.583316    28.985    28.990  3 55833.07087355 42.694
 120 300.412247 -29.582528    29.107    29.108  4 55842.98651192 38.848
 121 300.412336 -29.582632    29.153    29.153  4 55852.90214764 52.915
 122 300.412045 -29.582640    29.449    29.430  3 55862.81778323 45.517
 123 300.407420 -29.582833    29.410    29.426  5 55872.73343748 45.196
 133 300.403784 -29.580969    28.367    28.333  6 55971.88987740 53.660
 134 300.405270 -29.582534    28.277    28.196  6 55981.80551432 34.584
 135 300.409310 -29.583041    28.664    28.659  4 55991.72114996 30.281
 136 300.409913 -29.583028    28.373    28.325  3 56001.63679732 36.844
 137 300.408849 -29.583803    28.657    28.743  4 56011.55244798 33.391
 138 300.405783 -29.582553    28.201    28.196  6 56021.46809421 46.358
 139 300.402028 -29.581031    28.201    28.212  8 56031.38373708 26.041
 141 300.400903 -29.579853    28.917    28.915  9 56051.21501656 49.805
 142 300.405465 -29.581854    29.007    28.958  6 56061.13065315 46.527
 143 300.410042 -29.583616    28.897    28.893  4 56071.04629123 41.910
 144 300.406891 -29.582942    28.542    28.551  5 56080.96194088 52.683
 145 300.402528 -29.580653    28.900    28.903  7 56090.87758764 53.813
 146 300.400343 -29.579811    29.366    29.337  8 56100.79323264 48.132
 147 300.401070 -29.579950    29.811    29.783  8 56110.70886416 31.504
 148 300.405843 -29.582694    29.506    29.502  6 56120.62450491 36.216
 149 300.410768 -29.583652    29.137    29.135  4 56130.54014171 43.228
 150 300.412584 -29.581951    28.954    28.949  4 56140.45577521 51.898
 151 300.408489 -29.583485    28.753    28.759  4 56150.37142588 49.201
 152 300.404044 -29.581201    28.829    28.821  6 56160.28707370 33.725
 153 300.403714 -29.581374    28.355    28.354  6 56170.20272071 49.745
 154 300.406250 -29.582452    28.881    28.923  6 56180.11836432 34.670
 155 300.409118 -29.583970    28.568    28.972  3 56190.03400400 44.020
 156 300.409931 -29.583739    28.341    28.693  3 56199.94964031 49.104
 157 300.410692 -29.583877    28.972    29.039  4 56209.86527451 38.327
 158 300.411568 -29.582497    28.765    28.729  4 56219.78090687 35.192
 159 300.409574 -29.583013    29.006    29.014  4 56229.69655602 39.984
 160 300.407508 -29.583375    28.875    28.898  5 56239.61220987 35.699
 161 300.404476 -29.580971    28.190    28.179  6 56249.52785925 40.538
 162 300.404059 -29.581513    27.901    27.885  6 56259.44350456 52.322
 163 300.403752 -29.582011    28.491    28.658  7 56269.35914694 31.115
 164 300.403740 -29.581551    28.561    28.487  7 56279.27478724 27.239
 165 300.401551 -29.580778    28.621    28.631  8 56289.19043731 36.460
 166 300.401366 -29.580344    28.379    28.312  8 56299.10608565 43.637
 167 300.402409 -29.580843    28.954    28.947  7 56309.02173026 54.502
 168 300.402865 -29.581315    28.080    28.107  7 56318.93737256 44.051
 169 300.400940 -29.579335    28.294    28.431  8 56328.85301335 24.825
 170 300.401800 -29.580428    27.890    27.876  7 56338.76865427 36.966
 171 300.405542 -29.582638    28.702    28.703  6 56348.68429376 31.545
 172 300.409794 -29.583041    28.998    29.088  3 56358.59993002 41.741
 173 300.406744 -29.582574    29.458    29.457  5 56368.51558075 38.802
 175 300.398275 -29.579331    28.863    28.853 10 56388.34687308 52.803
 176 300.394754 -29.573728    29.288    29.282 15 56398.26251482 55.677
 177 300.399130 -29.579230    29.628    29.628 10 56408.17815679 54.205
 178 300.403933 -29.581971    29.230    29.220  7 56418.09379406 56.002
 179 300.409607 -29.583857    29.091    29.018  4 56428.00942651 36.509
 180 300.404100 -29.581203    29.489    29.502  6 56437.92507888 44.223
 181 300.399744 -29.579390    29.035    29.005 10 56447.84072917 46.167
 182 300.397864 -29.578562    29.327    29.328 11 56457.75637787 31.278
 183 300.398075 -29.578617    29.026    29.034 10 56467.67202384 27.607
 184 300.400640 -29.580439    30.370    30.324  9 56477.58766629 46.541
 185 300.403462 -29.580959    30.623    30.609  7 56487.50330479 34.997
 187 300.409548 -29.583325    29.966    29.964  4 56507.33457499 53.069
 188 300.411812 -29.582532    29.404    29.306  4 56517.25021108 41.127
 189 300.409986 -29.583600    28.885    28.872  3 56527.16586488 40.462
 190 300.408563 -29.583136    28.588    28.568  4 56537.08151418 52.351
 192 300.403811 -29.581766    28.305    28.258  7 56556.91280238 39.449
 193 300.401878 -29.580551    28.480    28.536  8 56566.82844451 29.094
 194 300.402153 -29.580201    28.459    28.489  8 56576.74408597 37.175
 195 300.406480 -29.582678    28.700    28.736  6 56586.65972518 32.608
 196 300.409720 -29.583957    28.956    28.982  4 56596.57536567 44.733
 197 300.405064 -29.581603    29.015    29.009  6 56606.49101741 34.232
 198 300.402284 -29.581200    28.677    28.636  8 56616.40666467 28.718
 199 300.401492 -29.580585    28.450    28.406  8 56626.32230840 37.875
 200 300.402947 -29.580569    28.790    28.748  7 56636.23794948 29.222
 201 300.407111 -29.582828    28.551    28.549  4 56646.15359033 43.098
 202 300.404228 -29.581047    28.351    28.337  6 56656.06924203 49.551
 203 300.402690 -29.580980    28.276    28.278  7 56665.98488987 55.377
 205 300.399341 -29.578693    28.412    28.445  9 56685.81617950 28.193
 206 300.401019 -29.580100    28.763    28.800  9 56695.73182286 26.673
 207 300.404971 -29.581252    28.696    28.764  6 56705.64746189 44.470
 208 300.410469 -29.583865    28.887    28.881  3 56715.56309584 35.540
 209 300.404269 -29.582114    28.176    28.103  7 56725.47874884 31.466
 211 300.392742 -29.574814    29.041    29.064 15 56745.31004258 38.907
 212 300.393641 -29.573252    29.180    29.108 15 56755.22568409 32.131
 213 300.402338 -29.580290    29.383    29.364  8 56765.14132222 30.116
 214 300.406880 -29.582813    29.094    29.094  5 56775.05696072 44.110
 215 300.399583 -29.578585    29.897    29.895  9 56784.97261551 46.885
 216 300.392434 -29.574392    29.674    29.660 16 56794.88826689 31.270
 217 300.390872 -29.576391    29.443    29.477 16 56804.80391638 36.665
 219 300.398390 -29.578879    30.044    30.028 10 56824.63519894 31.518
 220 300.403271 -29.580489    30.442    30.384  7 56834.55083481 34.052
 221 300.408398 -29.583490    30.670    30.717  5 56844.46646751 42.885
 222 300.406518 -29.582201    30.561    30.647  5 56854.38211122 39.715
 223 300.402228 -29.580372    30.361    30.359  7 56864.29776373 54.961
 224 300.400147 -29.579631    30.164    30.154  8 56874.21341586 37.788
 225 300.399197 -29.578890    29.962    29.945 10 56884.12906489 38.971
 226 300.398789 -29.578777    29.322    29.329  9 56894.04471088 27.519
 227 300.394201 -29.572916    29.163    29.146 15 56903.96035218 34.989
 228 300.393180 -29.575293    29.055    29.042 15 56913.87599372 27.246
 229 300.393210 -29.575005    28.903    28.844 16 56923.79163340 48.025
 230 300.399090 -29.579644    29.099    29.185 10 56933.70727229 31.540
 231 300.406690 -29.582031    30.107    30.041  5 56943.62290575 41.169
 232 300.408433 -29.583864    29.645    29.600  4 56953.53855349 47.934
 233 300.404160 -29.582013    28.917    28.919  7 56963.45420353 29.922
 234 300.400271 -29.580438    28.882    28.906  9 56973.36984864 26.429
 235 300.399681 -29.579643    28.842    28.863  9 56983.28548974 26.786
 236 300.404344 -29.580887    28.925    28.946  6 56993.20112678 31.415
 237 300.411094 -29.583118    28.938    28.936  3 57003.11676404 33.930
 238 300.408827 -29.584103    29.278    29.254  4 57013.03242060 38.284
 239 300.404239 -29.581408    29.098    29.081  6 57022.94807094 54.152
 240 300.400141 -29.579765    29.675    29.710  9 57032.86371920 33.864
 241 300.398712 -29.579484    29.378    29.376 10 57042.77936593 27.826
 242 300.399390 -29.578998    29.122    29.125  9 57052.69501065 27.841
 243 300.403918 -29.582046    28.973    28.988  7 57062.61065203 52.017
 244 300.407419 -29.583188    28.907    28.935  4 57072.52628768 34.580
 245 300.409657 -29.583331    28.832    28.814  3 57082.44191894 42.785
 246 300.405547 -29.582315    29.351    29.243  6 57092.35756500 48.764
 247 300.397946 -29.578673    28.833    28.825 10 57102.27322070 28.447
 248 300.394479 -29.574944    28.764    28.754 15 57112.18887296 53.720
 249 300.398600 -29.579169    28.438    28.421 10 57122.10452149 47.963
 250 300.401208 -29.580539    28.387    28.371  8 57132.02016368 52.117
