# NaN NaN NaN ;Mean Elev.(m), Avg Gradient(m/km), RMS Gradient(m/km) - SRTM1     
# NaN NaN NaN ;Mean Elev.(m), Avg Gradient(m/km), RMS Gradient(m/km) - ASTER GDEM
#    8.894   0.155   1.296 ;Mean Elev.(m), Avg Gradient(m/km), RMS Gradient(m/km) - GMTED2010 
   1 299.277434 -31.982964     9.626     9.856 10 54663.43974167 22.879
   2 299.280890 -31.974370     9.824     9.810 16 54673.35538816 31.884
   3 299.281045 -31.974114    10.002     9.933 16 54683.27103112 29.631
   4 299.284773 -31.971347     9.888     9.939 13 54693.18667365 34.931
   5 299.291168 -31.965545    10.729    10.419  7 54703.10231459 32.544
   6 299.289222 -31.966142    10.286    10.213  9 54713.01796336 25.032
   7 299.281132 -31.973882    10.163     9.947 17 54722.93361188 51.748
   8 299.277228 -31.971973     9.655     9.596 15 54732.84926056 32.287
   9 299.275728 -31.968929     9.634     9.587 13 54742.76490845 42.168
  10 299.275254 -31.968508    10.143     9.988 13 54752.68055571 32.722
  11 299.275767 -31.968337    10.318    10.268 13 54762.59620266 29.715
  12 299.275397 -31.969465    10.481    10.467 13 54772.51184673 43.732
  13 299.276217 -31.968320    10.961    10.947 14 54782.42748832 30.423
  14 299.276585 -31.969699    10.936    10.926 14 54792.34312672 29.736
  17 299.281446 -31.975203     9.535     9.539 16 54822.09004269 28.526
  18 299.279650 -31.973830     9.226     9.231 16 54832.00568340 30.255
  19 299.278325 -31.970537     8.869     8.854 15 54841.92133447 32.794
  20 299.276754 -31.968682     9.322     9.305 14 54851.83698415 34.351
  21 299.275279 -31.969276     9.641     9.580 13 54861.75263313 30.502
  22 299.274517 -31.969800     9.536     9.481 13 54871.66828214 44.281
  23 299.275001 -31.968192     9.787     9.725 13 54881.58392990 37.246
  24 299.274248 -31.968077     9.977     9.963 13 54891.49957373 31.284
  25 299.273042 -31.967026    10.096    10.093 10 54901.41521456 38.186
  26 299.272530 -31.966752     9.968     9.964 10 54911.33085324 48.497
  27 299.273107 -31.968313     9.641     9.650 12 54921.24649032 29.591
  28 299.275630 -31.970126     9.818     9.796 14 54931.16212693 50.984
  29 299.278494 -31.972308     9.546     9.486 15 54941.07776209 33.145
  30 299.281516 -31.972586     9.307     9.300 16 54950.99339606 54.553
  31 299.280561 -31.973842     9.049     9.014 16 54960.90903603 33.815
  32 299.279077 -31.972826     8.741     8.679 15 54970.82468465 26.970
  33 299.278850 -31.972780     8.878     8.861 16 54980.74033218 30.513
  34 299.279270 -31.972717     9.628     9.613 15 54990.65597945 51.759
  35 299.278580 -31.972565     9.430     9.450 16 55000.57162638 27.262
  36 299.278023 -31.971576     9.379     9.371 15 55010.48727150 26.480
  37 299.278226 -31.970230     9.590     9.653 15 55020.40291504 29.432
  38 299.277952 -31.971799    10.110    10.074 15 55030.31855662 45.710
  39 299.279145 -31.972256    10.650    10.601 16 55040.23419781 53.696
  40 299.281172 -31.974105    10.321    10.294 16 55050.14983746 31.073
  41 299.286157 -31.969046    10.545    10.622 12 55060.06547669 27.954
  42 299.282940 -31.973197    10.720    10.654 15 55069.98111607 51.032
  43 299.278616 -31.972564    10.214    10.237 16 55079.89676516 29.429
  44 299.276739 -31.969134    10.225    10.141 15 55089.81241343 33.400
  45 299.275277 -31.969167    10.744    10.656 14 55099.72806017 29.067
  46 299.275680 -31.969612    10.847    10.839 14 55109.64370649 31.113
  47 299.276435 -31.969956    11.053    11.032 14 55119.55935139 32.340
  48 299.276923 -31.968463    10.979    11.016 14 55129.47499399 31.953
  49 299.275301 -31.969225    11.318    11.281 13 55139.39063378 33.497
  50 299.275840 -31.969122    11.751    11.746 13 55149.30627253 34.101
  51 299.278183 -31.971206    12.264    12.202 15 55159.22191054 39.306
  52 299.280900 -31.974098    12.217    12.214 16 55169.13754816 33.794
  53 299.282614 -31.976605    12.313    12.294 10 55179.05318476 36.250
  54 299.281426 -31.974831    12.390    12.448 16 55188.96883130 35.679
  55 299.278739 -31.971768    12.505    12.464 16 55198.88448266 32.929
  56 299.277336 -31.969530    12.593    12.625 15 55208.80013331 33.488
  57 299.277073 -31.969505    12.988    12.980 15 55218.71578317 47.815
  58 299.276847 -31.969018    12.983    13.011 15 55228.63143227 38.095
  59 299.275576 -31.969390    13.245    13.225 14 55238.54707790 53.842
  60 299.274073 -31.968417    13.116    13.203 13 55248.46271995 39.025
  61 299.272698 -31.967113    12.918    13.052 11 55258.37835944 36.063
  62 299.272920 -31.967075    12.807    12.769 10 55268.29399770 54.982
  63 299.274248 -31.969515    12.492    12.471 13 55278.20963511 49.593
  64 299.277668 -31.970939    12.153    12.151 15 55288.12527167 33.139
  65 299.280115 -31.974422    12.089    12.080 16 55298.04090540 34.351
  66 299.279917 -31.973536    11.875    11.867 16 55307.95654768 32.072
  67 299.277612 -31.971463    12.105    12.118 15 55317.87219399 36.686
  68 299.276598 -31.969810    11.933    11.975 15 55327.78783946 36.044
  69 299.277485 -31.969969    12.215    12.197 14 55337.70348407 54.149
  70 299.278507 -31.972414    11.872    11.843 15 55347.61912770 30.836
  71 299.279544 -31.973177    11.611    11.580 16 55357.53476995 29.292
  72 299.280092 -31.971894    11.362    11.367 16 55367.45041027 49.840
  73 299.279657 -31.972544    10.955    10.889 16 55377.36604850 49.965
  74 299.280658 -31.973758    10.576    10.559 17 55387.28168573 38.169
  75 299.286706 -31.968615    10.271    10.217 11 55397.19732377 51.130
  76 299.290324 -31.965962    10.619    10.709  8 55407.11296708 32.792
  77 299.284591 -31.971184    10.709    10.627 13 55417.02861618 50.520
  78 299.279241 -31.972803    10.469    10.467 15 55426.94426283 54.736
  79 299.277009 -31.969984    10.292    10.249 15 55436.85990821 44.493
  80 299.275688 -31.969357    10.055    10.028 14 55446.77555227 50.295
  81 299.276706 -31.968776     9.775     9.753 14 55456.69119616 30.487
  82 299.277823 -31.970549     9.821     9.686 15 55466.60683890 31.322
  83 299.278987 -31.972430     9.825     9.782 15 55476.52247842 26.300
  84 299.280383 -31.972035    10.223    10.225 16 55486.43811512 32.935
  85 299.279387 -31.974491    10.023    10.029 16 55496.35374868 28.687
  86 299.281008 -31.973697    10.045    10.049 16 55506.26938438 47.877
  87 299.280037 -31.973210     9.916     9.927 16 55516.18503482 29.802
  88 299.280172 -31.974056     9.858     9.791 16 55526.10068425 52.454
  89 299.280071 -31.973605     9.368     9.358 16 55536.01633198 28.513
  90 299.279007 -31.972211    10.380    10.283 15 55545.93197793 51.667
  91 299.277851 -31.970126    10.879    10.843 15 55555.84762236 29.237
  92 299.277202 -31.969762    10.773    10.778 15 55565.76326580 29.826
  93 299.277963 -31.971063    10.348    10.312 15 55575.67890838 29.886
  94 299.278634 -31.972909    10.357    10.386 16 55585.59454908 28.667
  95 299.280339 -31.972210    10.657    10.665 16 55595.51018693 28.183
  96 299.279962 -31.973811    10.957    10.945 16 55605.42582069 39.780
  97 299.280783 -31.974426    11.306    11.373 16 55615.34145235 31.372
  98 299.280858 -31.975031    11.504    11.491 16 55625.25709247 31.051
  99 299.280149 -31.973122    11.630    11.661 16 55635.17274463 32.348
 100 299.279285 -31.973266    11.767    11.758 16 55645.08839423 32.149
 101 299.278826 -31.972432    11.930    11.948 16 55655.00404133 33.225
 102 299.277887 -31.972226    12.188    12.187 15 55664.91968388 35.344
 103 299.277989 -31.970407    12.354    12.335 15 55674.83532406 33.821
 104 299.277772 -31.971966    12.236    12.220 15 55684.75096207 31.897
 105 299.280565 -31.972473    11.635    11.667 16 55694.66659929 20.273
 106 299.288186 -31.967036    11.628    11.644 10 55704.58223671 37.315
 107 299.283293 -31.976329    11.218    11.216 10 55714.49788112 38.956
 108 299.281231 -31.975001    10.965    10.906 17 55724.41352985 29.877
 109 299.279686 -31.973013    10.488    10.381 15 55734.32917664 27.042
 110 299.278834 -31.972362    10.481    10.418 16 55744.24482184 50.998
 111 299.278948 -31.972348    10.451    10.483 16 55754.16046554 26.111
 112 299.279997 -31.972690    10.723    10.726 16 55764.07610699 43.871
 113 299.280267 -31.973639    10.653    10.670 16 55773.99174561 28.470
 114 299.280102 -31.973947    11.053    11.014 16 55783.90738123 50.022
 115 299.281337 -31.974299    11.044    11.166 16 55793.82301485 32.592
 116 299.287246 -31.967793    11.111    10.978 11 55803.73865339 32.789
 117 299.283793 -31.972357    11.393    11.456 14 55813.65430224 33.806
 118 299.282041 -31.974197    11.540    11.513 16 55823.56994979 50.166
 119 299.280982 -31.975146    11.179    11.225 16 55833.48559280 31.376
 120 299.281307 -31.974490    11.241    11.268 16 55843.40123193 32.169
 121 299.283827 -31.972096    10.877    10.925 14 55853.31686839 31.077
 122 299.289447 -31.965745    11.408    11.420  9 55863.23250630 54.638
 123 299.282355 -31.973759    11.145    11.196 16 55873.14815799 30.770
 133 299.276803 -31.970528    10.101    10.011 15 55972.30459880 34.682
 134 299.278959 -31.973372     9.822     9.819 16 55982.22023418 29.931
 135 299.282186 -31.976452    10.251    10.139 12 55992.13586800 31.316
 136 299.283066 -31.973208    10.042     9.971 15 56002.05151590 37.015
 137 299.279043 -31.973597     9.862     9.859 16 56011.96716509 37.000
 139 299.277387 -31.969498     9.930     9.940 15 56031.79845545 30.801
 141 299.279552 -31.973965    10.294    10.284 16 56051.62973529 31.493
 142 299.283686 -31.972470    10.503    10.533 14 56061.54537209 39.181
 143 299.283291 -31.976083    10.567    10.548 10 56071.46100983 37.736
 144 299.280674 -31.974485    10.279    10.274 17 56081.37665999 31.796
 145 299.279763 -31.972420    10.297    10.254 16 56091.29230761 36.405
 146 299.279043 -31.973861    10.494    10.500 16 56101.20795211 31.136
 147 299.280458 -31.972198    10.861    10.994 16 56111.12358324 28.725
 148 299.280564 -31.973393    11.477    11.482 16 56121.03922198 42.971
 149 299.281254 -31.974103    11.209    11.230 16 56130.95485735 35.304
 150 299.282181 -31.974404    10.956    10.925 16 56140.87049166 49.148
 151 299.279970 -31.973070    10.759    10.750 16 56150.78614282 52.295
 152 299.279603 -31.973113    10.747    10.664 16 56160.70179217 30.026
 153 299.280602 -31.972343    10.408    10.370 16 56170.61744018 48.617
 154 299.280479 -31.972451    10.178    10.108 16 56180.53308386 30.040
 155 299.279493 -31.972630     9.585     9.574 15 56190.44872334 39.307
 156 299.279270 -31.972689     9.567     9.479 15 56200.36435985 37.472
 157 299.281637 -31.974067    11.130    11.402 17 56210.27999379 30.407
 158 299.284929 -31.977983    10.559    10.681  8 56220.19562540 29.388
 159 299.292013 -31.965092    10.350    10.384  7 56230.11127832 27.816
 160 299.283371 -31.975967    10.494    10.432 10 56240.02692860 29.739
 161 299.280773 -31.974621    10.122    10.068 16 56249.94257818 32.352
 162 299.279330 -31.973697     9.776     9.731 16 56259.85822318 27.217
 163 299.280061 -31.972468     9.798     9.777 16 56269.77386605 46.428
 164 299.280807 -31.973117    10.898    11.221 16 56279.68950687 30.953
 165 299.279124 -31.972452    10.492    10.502 15 56289.60515858 29.198
 166 299.277429 -31.970681    10.164    10.150 15 56299.52080768 29.587
 167 299.275634 -31.969270    10.415    10.413 13 56309.43645248 29.089
 168 299.274979 -31.968192    10.457    10.382 13 56319.35209467 40.106
 169 299.275822 -31.968786     9.873     9.910 14 56329.26773545 29.266
 170 299.278674 -31.970077     9.506     9.440 15 56339.18337533 26.933
 171 299.281258 -31.973484    10.028    10.026 16 56349.09901269 30.385
 172 299.286185 -31.969365    10.701    10.681 12 56359.01464937 50.513
 173 299.279255 -31.972345    10.758    10.714 15 56368.93029867 31.043
 175 299.276065 -31.968720    10.875    10.896 14 56388.76159258 28.997
 176 299.277659 -31.971006    11.108    11.054 15 56398.67723590 52.427
 177 299.279480 -31.974071    11.168    11.198 16 56408.59287644 29.837
 178 299.282116 -31.974227    11.267    11.312 16 56418.50851321 32.865
 179 299.288770 -31.966214    11.133    11.158  9 56428.42414804 31.988
 180 299.279759 -31.972668    10.930    10.874 16 56438.33979926 36.590
 181 299.278102 -31.970218    11.175    11.173 15 56448.25545014 44.208
 182 299.277991 -31.970052    10.914    10.852 15 56458.17109852 32.415
 183 299.278002 -31.970068    10.895    10.867 15 56468.08674366 31.059
 184 299.277542 -31.970986    11.308    11.312 15 56478.00238461 34.349
 185 299.277531 -31.971480    11.796    11.764 15 56487.91802209 41.717
 187 299.281196 -31.974356    12.324    12.293 16 56507.74929142 36.587
 188 299.289266 -31.967494    11.771    11.959  9 56517.66493133 32.218
 189 299.282489 -31.976712    11.338    11.344 10 56527.58058338 42.589
 190 299.281664 -31.974440    10.638    10.588 16 56537.49623393 39.820
 192 299.277983 -31.970160    10.300    10.314 15 56557.32752375 29.958
 193 299.278402 -31.970232    10.076    10.123 15 56567.24316597 47.349
 194 299.280009 -31.973543    10.155    10.155 17 56577.15880641 32.286
 195 299.289004 -31.966225    10.221    10.232  9 56587.07444627 34.840
 196 299.291419 -31.965555    10.577    10.672  7 56596.99008699 29.944
 197 299.281558 -31.974486    10.920    10.831 16 56606.90573649 32.859
 198 299.278974 -31.972424    10.667    10.632 15 56616.82138413 27.474
 199 299.278183 -31.972334    10.652    10.667 15 56626.73702830 28.956
 200 299.279104 -31.973246    10.487    10.444 16 56636.65266966 29.592
 201 299.280883 -31.973597    10.482    10.406 16 56646.56831126 48.325
 202 299.278319 -31.971759    10.228    10.211 15 56656.48396418 50.773
 203 299.276621 -31.968929     9.885     9.825 14 56666.39961279 31.649
 205 299.275637 -31.969635    10.241    10.245 14 56686.23090184 31.623
 206 299.278445 -31.969555    10.778    10.767 15 56696.14654405 42.568
 207 299.279786 -31.974477    10.658    10.670 16 56706.06218063 29.418
 208 299.286121 -31.969088    10.236    10.214 12 56715.97781513 45.402
 209 299.279039 -31.971540    10.269    10.200 16 56725.89346759 32.122
 211 299.275417 -31.969481    10.748    10.743 14 56745.72476383 34.368
 212 299.277886 -31.970931    11.304    11.286 15 56755.64040578 30.594
 213 299.281187 -31.974290    11.279    11.271 17 56765.55604163 32.161
 214 299.284085 -31.971930    11.325    11.336 13 56775.47168153 33.933
 215 299.278294 -31.971802    11.100    11.090 16 56785.38733732 38.000
 216 299.274812 -31.969087    11.771    11.726 13 56795.30299000 50.135
 217 299.273008 -31.968314    11.668    11.640 11 56805.21863827 52.327
 219 299.276878 -31.969115    11.729    11.708 14 56825.04991806 51.931
 220 299.278521 -31.971275    11.775    11.807 16 56834.96555220 32.109
 221 299.280504 -31.974142    12.108    12.160 16 56844.88118314 34.623
 222 299.279858 -31.974324    12.718    12.717 16 56854.79682848 36.931
 223 299.278998 -31.971732    12.487    12.452 16 56864.71248269 34.454
 224 299.277575 -31.971274    12.309    12.284 15 56874.62813568 32.102
 225 299.277295 -31.969419    12.468    12.448 15 56884.54378586 41.036
 226 299.276676 -31.968476    11.958    11.948 14 56894.45943262 35.315
 227 299.275299 -31.968840    11.531    11.538 14 56904.37507561 35.251
 228 299.274613 -31.969483    11.279    11.300 13 56914.29071643 33.240
 229 299.276970 -31.969364    11.031    10.948 15 56924.20635586 35.632
 230 299.279711 -31.972685    11.064    11.041 16 56934.12199214 29.850
 231 299.288657 -31.967084    11.610    11.590  9 56944.03762555 53.569
 232 299.286882 -31.968302    11.681    11.683 11 56953.95327306 42.540
 233 299.280542 -31.972296    11.335    11.349 16 56963.86892217 29.602
 234 299.278545 -31.971267    11.000    10.944 15 56973.78456814 29.515
 235 299.278682 -31.971846    10.872    10.826 15 56983.70020976 31.084
 236 299.280821 -31.973676    10.885    10.883 16 56993.61584641 27.026
 237 299.285120 -31.970383    11.062    11.099 12 57003.53148548 33.128
 238 299.279166 -31.971844    10.918    10.940 15 57013.44714157 28.984
 239 299.276678 -31.970182    11.038    11.008 15 57023.36279303 34.404
 240 299.276165 -31.969907    11.601    11.637 14 57033.27844159 32.190
 241 299.277351 -31.970045    11.949    11.924 15 57043.19408778 32.112
 242 299.278427 -31.970932    11.838    11.814 15 57053.10973145 29.127
 243 299.279150 -31.972289    11.498    11.531 16 57063.02537055 28.747
 244 299.279842 -31.974365    11.189    11.195 16 57072.94100451 28.590
 245 299.284818 -31.971373    11.549    11.476 13 57082.85663628 30.941
 246 299.282726 -31.973318    11.491    11.445 15 57092.77228389 47.451
 247 299.279729 -31.973060    11.319    11.397 16 57102.68794112 27.958
 248 299.278669 -31.972232    11.080    11.103 15 57112.60359480 29.852
 249 299.278730 -31.971149    10.761    10.768 15 57122.51924254 36.498
 250 299.278591 -31.970147    10.664    10.550 15 57132.43488445 26.923
