# NaN NaN NaN ;Mean Elev.(m), Avg Gradient(m/km), RMS Gradient(m/km) - SRTM1     
# NaN NaN NaN ;Mean Elev.(m), Avg Gradient(m/km), RMS Gradient(m/km) - ASTER GDEM
#   52.100  -0.519   1.544 ;Mean Elev.(m), Avg Gradient(m/km), RMS Gradient(m/km) - GMTED2010 
   1 302.083398 -27.268110    50.788    50.804  7 54665.99134659 52.971
   2 302.081626 -27.268280    50.561    50.550  7 54675.90699054 55.531
   3 302.079711 -27.266814    49.706    49.553  7 54685.82263296 25.423
   4 302.081606 -27.267990    51.204    51.210  7 54695.73827494 29.576
   5 302.085376 -27.268223    51.017    50.986  6 54705.65391456 29.307
   6 302.084345 -27.267427    50.690    50.647  6 54715.56956698 32.084
   7 302.083564 -27.268389    50.295    50.306  7 54725.48521741 32.656
   8 302.079285 -27.266857    50.297    50.307  7 54735.40086498 53.962
   9 302.075654 -27.267765    50.462    50.434  7 54745.31651194 32.067
  10 302.073415 -27.267306    50.858    50.874  7 54755.23215812 33.912
  11 302.074372 -27.266532    51.106    51.111  7 54765.14780322 34.673
  12 302.078232 -27.267833    52.200    52.248  7 54775.06344612 51.912
  13 302.080629 -27.267868    51.925    51.934  8 54784.97908621 53.363
  14 302.081586 -27.268144    50.509    50.599  7 54794.89472483 33.970
  17 302.083028 -27.267479    50.244    50.189  6 54824.64164697 32.373
  18 302.080423 -27.267862    50.019    50.000  7 54834.55728735 30.760
  19 302.076688 -27.267964    50.183    50.181  7 54844.47293758 32.123
  20 302.072870 -27.266797    50.609    50.621  7 54854.38858648 48.085
  21 302.070407 -27.266481    50.258    50.268  6 54864.30423524 47.887
  22 302.069941 -27.266901    50.415    50.410  6 54874.21988378 35.122
  23 302.071004 -27.266389    50.889    50.861  6 54884.13552962 38.498
  24 302.073063 -27.266805    51.004    50.968  7 54894.05117219 47.817
  25 302.073893 -27.266737    50.843    50.843  7 54903.96681194 45.008
  26 302.073886 -27.266483    50.162    49.947  7 54913.88245054 36.945
  27 302.074384 -27.267580    50.486    50.532  7 54923.79808904 43.287
  28 302.076070 -27.267471    50.587    50.572  7 54933.71372678 50.080
  29 302.080332 -27.267416    50.164    50.131  8 54943.62936288 49.103
  30 302.085805 -27.267539    50.252    50.175  6 54953.54499703 47.403
  31 302.086042 -27.268029    49.496    49.484  6 54963.46064185 46.425
  32 302.082920 -27.267459    49.991    50.023  7 54973.37628981 46.504
  33 302.080200 -27.266810    50.712    50.709  7 54983.29193669 51.587
  34 302.079420 -27.267418    50.214    50.206  8 54993.20758361 48.019
  35 302.078790 -27.267666    50.026    50.004  7 55003.12322940 33.378
  36 302.077673 -27.267195    50.244    50.242  8 55013.03887300 47.108
  37 302.077545 -27.268132    50.763    50.798  7 55022.95451564 29.539
  38 302.076263 -27.266812    51.390    51.422  7 55032.87015717 44.774
  39 302.077284 -27.267777    50.747    50.723  7 55042.78579890 29.769
  40 302.080077 -27.267259    51.302    51.052  8 55052.70143915 31.367
  41 302.084043 -27.267894    51.193    51.280  6 55062.61707761 28.310
  42 302.084194 -27.268098    51.029    51.039  6 55072.53272202 28.519
  43 302.081589 -27.268351    50.685    50.669  7 55082.44837039 29.766
  44 302.078196 -27.267738    52.143    52.165  7 55092.36401678 33.308
  45 302.075585 -27.266682    52.537    52.519  7 55102.27966260 34.345
  46 302.074762 -27.266314    51.632    51.637  7 55112.19530827 37.930
  47 302.076368 -27.266411    52.610    52.626  7 55122.11095194 35.702
  48 302.078900 -27.266944    54.890    54.868  7 55132.02659292 53.299
  49 302.080376 -27.267349    52.521    52.459  8 55141.94223191 37.813
  50 302.080622 -27.267900    52.504    52.503  8 55151.85787051 46.506
  51 302.080831 -27.267161    52.404    52.404  7 55161.77350940 32.367
  52 302.082312 -27.266649    53.024    53.045  7 55171.68914824 32.130
  53 302.085649 -27.268296    53.413    53.417  6 55181.60478617 41.276
  54 302.082490 -27.268356    53.594    53.567  7 55191.52043630 31.648
  55 302.077213 -27.267187    53.658    53.691  7 55201.43608639 32.359
  56 302.073612 -27.266739    54.162    54.116  7 55211.35173591 38.122
  57 302.072792 -27.267009    54.289    54.260  7 55221.26738509 51.888
  58 302.073498 -27.267471    54.403    54.331  6 55231.18303314 39.446
  59 302.074934 -27.267151    53.949    53.919  7 55241.09867779 36.004
  60 302.075724 -27.268039    53.372    53.382  7 55251.01431898 31.518
  61 302.074571 -27.267314    52.152    52.168  7 55260.92995759 43.823
  62 302.074733 -27.267678    52.395    52.362  7 55270.84559584 39.912
  63 302.076338 -27.267628    52.533    52.493  7 55280.76123428 50.316
  64 302.079423 -27.267167    52.504    52.482  8 55290.67687164 34.315
  65 302.083737 -27.267151    52.471    52.467  7 55300.59250690 33.656
  66 302.083257 -27.267490    51.527    51.527  6 55310.50815345 31.078
  67 302.081316 -27.267698    53.335    53.352  7 55320.42379905 35.382
  68 302.079002 -27.267649    52.066    52.052  8 55330.33944315 52.140
  69 302.077548 -27.267247    52.043    52.061  8 55340.25508685 35.642
  70 302.078251 -27.267407    51.368    51.420  8 55350.17073050 44.508
  71 302.079935 -27.268205    51.282    51.223  7 55360.08637221 53.757
  72 302.079875 -27.267507    51.093    51.081  8 55370.00201123 53.775
  73 302.079893 -27.267556    50.587    50.616  7 55379.91764909 44.621
  74 302.080732 -27.267916    50.374    50.377  8 55389.83328658 33.800
  75 302.083430 -27.267506    51.104    51.151  7 55399.74892327 30.649
  76 302.084556 -27.266689    51.041    51.000  6 55409.66457037 30.921
  77 302.084213 -27.267285    50.389    50.377  7 55419.58022103 51.903
  78 302.082147 -27.267621    50.678    50.682  7 55429.49586825 53.644
  79 302.078550 -27.267125    50.225    50.179  7 55439.41151242 53.056
  80 302.076475 -27.267348    49.817    49.790  7 55449.32715526 45.069
  81 302.076872 -27.267175    50.253    50.194  7 55459.24279770 52.001
  82 302.079415 -27.267416    50.337    50.336  7 55469.15843951 35.802
  83 302.082844 -27.267673    51.485    51.460  6 55479.07407817 31.751
  84 302.085066 -27.266911    51.145    51.134  6 55488.98971372 50.326
  85 302.086832 -27.267584    50.888    50.948  5 55498.90534751 28.662
  86 302.085491 -27.267432    50.990    51.063  6 55508.82098707 32.085
  87 302.082300 -27.268002    50.696    50.698  7 55518.73663747 54.559
  88 302.080309 -27.267114    50.455    50.413  7 55528.65228691 28.377
  89 302.079349 -27.266962    51.207    51.205  7 55538.56793482 28.377
  90 302.078380 -27.267695    52.295    52.335  7 55548.48358066 45.819
  91 302.075445 -27.266552    51.556    51.567  7 55558.39922400 35.619
  92 302.074683 -27.267651    50.823    50.859  7 55568.31486691 54.537
  93 302.076331 -27.267967    50.933    50.874  7 55578.23050881 32.076
  94 302.080060 -27.268083    51.966    51.958  7 55588.14614849 50.857
  95 302.084317 -27.267314    51.792    51.790  6 55598.06178487 43.831
  96 302.087010 -27.267545    52.509    52.421  5 55607.97741867 34.513
  97 302.087739 -27.267205    52.687    52.714  5 55617.89305049 33.882
  98 302.084949 -27.268317    52.198    52.179  6 55627.80869670 48.352
  99 302.081752 -27.266729    52.870    52.859  7 55637.72434792 33.946
 100 302.081709 -27.267089    53.573    53.523  7 55647.63999781 30.674
 101 302.082341 -27.268003    53.417    53.400  7 55657.55564496 52.604
 102 302.081471 -27.267271    52.450    52.473  7 55667.47128734 48.627
 103 302.080463 -27.267405    52.205    52.207  8 55677.38692684 44.121
 104 302.080156 -27.267148    51.187    51.262  7 55687.30256412 53.916
 105 302.081534 -27.266761    50.816    50.787  7 55697.21820005 32.035
 106 302.085392 -27.266908    50.580    50.583  6 55707.13383486 34.188
 107 302.084428 -27.267671    50.541    50.462  7 55717.04948524 47.607
 108 302.081462 -27.266582    50.260    50.234  7 55726.96513270 54.645
 109 302.079564 -27.268056    50.459    50.416  7 55736.88077927 30.216
 110 302.077028 -27.266616    51.083    51.089  7 55746.79642412 53.632
 111 302.077743 -27.267442    50.827    50.822  8 55756.71206795 37.567
 112 302.080819 -27.267849    51.643    51.682  7 55766.62770941 31.615
 113 302.084134 -27.267769    51.198    51.164  6 55776.54334795 28.020
 114 302.086420 -27.268226    52.559    52.595  6 55786.45898364 42.944
 115 302.086819 -27.267407    52.563    52.469  5 55796.37461691 35.799
 116 302.085992 -27.267695    51.943    51.975  5 55806.29025758 32.235
 117 302.084439 -27.267425    52.008    52.031  7 55816.20590603 53.442
 118 302.085753 -27.267625    51.415    51.428  6 55826.12155178 55.104
 119 302.087548 -27.267791    51.172    51.141  6 55836.03719315 55.967
 120 302.088570 -27.268100    50.836    50.826  5 55845.95283123 53.473
 121 302.088646 -27.267765    51.694    51.663  5 55855.86846677 35.780
 122 302.086788 -27.267698    51.615    51.612  6 55865.78410853 33.609
 123 302.082617 -27.267369    50.994    51.006  6 55875.69976134 32.804
 133 302.081390 -27.267489    50.524    50.483  7 55974.85619706 33.428
 134 302.082318 -27.267269    50.664    50.641  7 55984.77183380 51.191
 135 302.086053 -27.267077    50.777    50.744  6 55994.68746846 53.247
 136 302.084985 -27.268042    50.672    50.694  6 56004.60312112 36.535
 137 302.083445 -27.268123    50.430    50.391  7 56014.51876999 47.172
 139 302.078119 -27.267566    50.751    50.687  7 56034.35005826 47.563
 141 302.079709 -27.267495    51.060    51.048  7 56054.18133705 48.581
 142 302.083369 -27.267414    50.490    50.497  6 56064.09697158 51.251
 143 302.084140 -27.267696    50.372    50.345  6 56074.01261422 50.745
 144 302.081219 -27.268163    50.741    50.742  7 56083.92826329 51.898
 145 302.079234 -27.267907    51.036    51.050  7 56093.84391011 34.220
 146 302.078791 -27.267430    53.252    53.265  7 56103.75955506 53.513
 147 302.080154 -27.267695    51.811    51.832  8 56113.67518602 33.938
 148 302.082289 -27.267000    51.086    51.055  7 56123.59082468 33.594
 149 302.085867 -27.267570    51.020    51.071  6 56133.50645983 34.588
 150 302.086490 -27.267212    51.437    51.368  6 56143.42209843 48.367
 151 302.083213 -27.267439    50.978    50.995  7 56153.33774840 42.667
 152 302.080903 -27.267183    50.593    50.572  7 56163.25339678 33.198
 153 302.081018 -27.267735    50.258    50.234  7 56173.16904342 53.918
 154 302.082612 -27.267374    50.485    50.501  6 56183.08468502 35.991
 155 302.084028 -27.267075    50.508    50.520  6 56193.00032287 50.239
 156 302.084886 -27.267488    50.367    50.393  6 56202.91595829 32.743
 157 302.085849 -27.267051    50.750    50.814  6 56212.83159214 33.953
 158 302.088513 -27.266696    50.640    50.630  5 56222.74722454 40.080
 159 302.084907 -27.266711    51.079    51.094  6 56232.66288087 33.476
 160 302.082684 -27.267102    50.508    50.533  7 56242.57853363 34.232
 161 302.080540 -27.267176    49.952    49.986  7 56252.49418195 35.940
 162 302.079557 -27.267442    50.473    50.479  8 56262.40982572 51.564
 164 302.080469 -27.267494    50.900    50.919  8 56282.24110946 30.192
 165 302.079282 -27.267347    50.801    50.817  7 56292.15676125 33.709
 166 302.078738 -27.267143    51.226    51.214  7 56302.07240860 38.430
 167 302.078443 -27.267147    51.028    51.021  8 56311.98805179 33.586
 168 302.078133 -27.267238    50.278    50.269  7 56321.90369307 50.617
 169 302.078628 -27.268109    50.322    50.315  7 56331.81933424 32.054
 170 302.079803 -27.267315    50.958    50.972  8 56341.73497483 28.909
 171 302.083182 -27.267649    51.609    51.622  6 56351.65061362 44.466
 172 302.085077 -27.267684    51.625    51.611  7 56361.56625416 29.957
 173 302.081240 -27.266999    51.684    51.657  7 56371.48190369 31.101
 174 302.077088 -27.266983    51.390    51.377  7 56381.39755035 47.477
 175 302.074520 -27.266912    51.355    51.264  7 56391.31319469 39.051
 176 302.075210 -27.266464    51.757    51.845  7 56401.22883733 39.977
 177 302.078034 -27.266583    51.153    51.182  7 56411.14447738 35.480
 178 302.082093 -27.266737    50.734    50.717  7 56421.06011260 52.054
 179 302.084083 -27.268008    51.501    51.441  7 56430.97575092 39.934
 180 302.078479 -27.266732    51.224    51.243  7 56440.89140268 44.986
 181 302.075644 -27.267037    51.543    51.551  6 56450.80705270 47.818
 182 302.075710 -27.266998    51.161    51.122  7 56460.72270085 51.262
 183 302.076859 -27.266430    54.123    54.056  7 56470.63834575 37.276
 184 302.079016 -27.267271    54.305    54.285  8 56480.55398736 34.854
 185 302.080245 -27.267098    52.285    52.289  7 56490.46962472 53.386
 187 302.086195 -27.268734    51.515    51.469  6 56510.30089301 34.402
 188 302.087439 -27.268293    51.166    51.159  6 56520.21653555 54.202
 189 302.085576 -27.267996    50.721    50.691  6 56530.13218820 34.847
 190 302.084158 -27.267488    50.747    50.745  6 56540.04783689 35.453
 191 302.082049 -27.267177    50.722    50.700  7 56549.96348129 38.513
 192 302.079643 -27.267832    50.711    50.699  8 56559.87912382 34.220
 193 302.078176 -27.267531    51.099    51.143  7 56569.79476556 31.136
 194 302.079302 -27.267325    51.191    51.158  8 56579.71040651 42.422
 195 302.084198 -27.267884    51.425    51.471  6 56589.62604419 46.947
 196 302.085010 -27.267605    51.424    51.410  7 56599.54169012 33.672
 197 302.081486 -27.267498    50.850    50.839  8 56609.45734103 34.633
 198 302.078313 -27.267137    50.992    50.977  7 56619.37298686 34.570
 199 302.077428 -27.267273    50.674    50.685  8 56629.28862963 51.561
 200 302.080238 -27.267682    51.189    51.181  8 56639.20426940 47.444
 201 302.082412 -27.266801    50.963    51.007  7 56649.11991423 53.770
 202 302.081582 -27.267421    50.476    50.435  8 56659.03556550 46.272
 203 302.079379 -27.267384    51.189    51.177  7 56668.95121267 34.421
 205 302.076906 -27.268090    51.030    51.031  7 56688.78250186 32.539
 206 302.078977 -27.267933    51.348    51.378  7 56698.69814356 38.103
 207 302.083152 -27.267957    50.269    50.291  7 56708.61378089 45.763
 208 302.084800 -27.268114    50.683    50.693  6 56718.52942033 32.589
 209 302.079664 -27.268208    50.160    50.148  7 56728.44507300 34.493
 211 302.072657 -27.267644    51.128    51.146  6 56748.27636578 35.416
 212 302.074989 -27.267173    50.918    50.878  7 56758.19200582 50.733
 213 302.080735 -27.267003    51.335    51.298  7 56768.10764009 51.259
 214 302.081649 -27.267655    50.993    50.996  7 56778.02328597 34.190
 215 302.077047 -27.267450    51.767    51.671  7 56787.93894101 32.127
 216 302.072011 -27.267123    50.731    50.738  6 56797.85459271 46.460
 217 302.070096 -27.267573    51.503    51.451  6 56807.77023945 39.114
 219 302.076221 -27.266145    53.984    53.942  7 56827.60151831 32.744
 220 302.081516 -27.266794    53.198    53.268  7 56837.51715320 33.396
 221 302.085724 -27.267591    52.491    52.489  6 56847.43278495 47.576
 222 302.081900 -27.267865    51.707    51.729  7 56857.34843613 55.716
 223 302.078517 -27.267925    51.882    51.902  7 56867.26408875 33.211
 224 302.076800 -27.267280    51.392    51.421  7 56877.17973968 33.714
 225 302.076216 -27.266755    51.102    51.143  7 56887.09538756 52.632
 226 302.076323 -27.267542    50.604    50.595  7 56897.01103305 34.183
 227 302.074651 -27.267030    50.868    50.918  6 56906.92667543 49.173
 228 302.073058 -27.266869    50.412    50.359  7 56916.84231610 36.091
 229 302.073880 -27.267116    51.128    51.245  6 56926.75795538 34.323
 230 302.077795 -27.267531    53.104    53.139  7 56936.67359166 33.217
 231 302.084708 -27.267773    51.371    51.389  7 56946.58922295 33.939
 232 302.082801 -27.267845    50.989    50.988  7 56956.50487707 45.426
 233 302.080029 -27.267603    50.832    50.771  8 56966.42052603 33.919
 234 302.077994 -27.267697    50.909    50.919  7 56976.33617067 51.099
 235 302.078081 -27.267378    50.642    50.634  7 56986.25181075 29.183
 236 302.082740 -27.267994    51.189    51.164  7 56996.16744558 35.054
 237 302.084658 -27.266597    50.759    50.724  6 57006.08308911 33.158
 238 302.083084 -27.267671    50.551    50.484  7 57015.99874366 51.838
 239 302.080316 -27.267771    52.147    52.083  7 57025.91439414 51.640
 240 302.077069 -27.266931    51.324    51.332  7 57035.83004262 32.021
 241 302.076003 -27.266451    51.782    51.783  7 57045.74568893 42.952
 242 302.077389 -27.266539    51.041    51.017  7 57055.66133243 36.673
 243 302.080774 -27.267757    50.626    50.595  8 57065.57697122 44.554
 244 302.083193 -27.267782    50.915    50.926  6 57075.49260508 49.906
 245 302.086392 -27.268458    51.117    51.123  6 57085.40823581 52.650
 246 302.080443 -27.267350    51.272    51.274  7 57095.32389079 35.278
 247 302.075515 -27.266434    51.127    51.095  7 57105.23954642 34.016
 248 302.074367 -27.266182    50.633    50.574  7 57115.15519782 51.934
 249 302.076101 -27.267218    50.436    50.459  7 57125.07084346 35.196
 250 302.077826 -27.267640    50.536    50.573  7 57134.98648361 47.721
