# NaN NaN NaN ;Mean Elev.(m), Avg Gradient(m/km), RMS Gradient(m/km) - SRTM1     
# NaN NaN NaN ;Mean Elev.(m), Avg Gradient(m/km), RMS Gradient(m/km) - ASTER GDEM
#  238.402  -3.888  16.153 ;Mean Elev.(m), Avg Gradient(m/km), RMS Gradient(m/km) - GMTED2010 
   1   234.131 54666.40885679 49.11 306.608054 -22.817457   -100 -100.00 -100.00 -100.00
   1   233.958 54666.40885738 50.79 306.609139 -22.815004   -100 -100.00 -100.00 -100.00
   1   233.987 54666.40885797 53.19 306.610224 -22.812550   -100 -100.00 -100.00 -100.00
   1   233.889 54666.40885856 52.32 306.611309 -22.810097  4.138 -100.00 -100.00 -100.00
   1   233.971 54666.40885915 54.38 306.612394 -22.807643   -100 -100.00 -100.00 -100.00
   1   233.945 54666.40885974 54.82 306.613479 -22.805190  4.155 -100.00 -100.00 -100.00
   2   297.321 54676.32450034 17.56 306.606417 -22.819648 12.172 -100.00 -100.00 -100.00
   2   302.291 54676.32450093 20.73 306.607502 -22.817195  8.835 -100.00 -100.00 -100.00
   2   303.346 54676.32450152 23.57 306.608587 -22.814741  9.767 -100.00 -100.00 -100.00
   2   304.420 54676.32450211 28.76 306.609671 -22.812288 13.388 -100.00 -100.00 -100.00
   2   306.172 54676.32450270 25.68 306.610756 -22.809834 25.820 -100.00 -100.00 -100.00
   2   302.393 54676.32450329 29.25 306.611841 -22.807381  8.016 -100.00 -100.00 -100.00
   2   299.465 54676.32450388 31.33 306.612926 -22.804927   -100 -100.00 -100.00 -100.00
   6   295.912 54715.98707663  7.69 306.611507 -22.815210  7.635 -100.00 -100.00 -100.00
   6   282.086 54715.98707722 10.12 306.612592 -22.812756 11.095 -100.00 -100.00 -100.00
   6   281.571 54715.98707781  7.15 306.613677 -22.810303  8.618 -100.00 -100.00 -100.00
   6   296.587 54715.98707840  0.59 306.614762 -22.807849  4.139 -100.00 -100.00 -100.00
   9   301.122 54745.73401946 17.72 306.596825 -22.824585  8.645 -100.00 -100.00 -100.00
   9   306.139 54745.73402005 19.30 306.597910 -22.822132  8.071 -100.00 -100.00 -100.00
   9   307.766 54745.73402064 23.82 306.598995 -22.819679 19.433 -100.00 -100.00 -100.00
   9   307.204 54745.73402123 20.13 306.600080 -22.817225 32.678 -100.00 -100.00 -100.00
   9   301.076 54745.73402182 11.51 306.601165 -22.814772 14.961 -100.00 -100.00 -100.00
  10   298.329 54755.64966666 16.64 306.596059 -22.825211  9.416 -100.00 -100.00 -100.00
  10   299.447 54755.64966725 19.54 306.597144 -22.822758 11.618 -100.00 -100.00 -100.00
  10   300.555 54755.64966784 22.69 306.598229 -22.820304 10.025 -100.00 -100.00 -100.00
  10   304.807 54755.64966843 24.60 306.599314 -22.817851  9.637 -100.00 -100.00 -100.00
  10   306.457 54755.64966902 29.62 306.600399 -22.815397 21.471 -100.00 -100.00 -100.00
  11   233.761 54765.56531246 37.28 306.596430 -22.826208 26.242 -100.00 -100.00 -100.00
  11   233.672 54765.56531305 37.09 306.597515 -22.823755 24.728 -100.00 -100.00 -100.00
  11   233.635 54765.56531364 36.72 306.598600 -22.821302 25.739 -100.00 -100.00 -100.00
  11   233.841 54765.56531423 41.51 306.599686 -22.818848   -100 -100.00 -100.00 -100.00
  11   233.758 54765.56531482 42.00 306.600771 -22.816395   -100 -100.00 -100.00 -100.00
  11   233.899 54765.56531542 43.73 306.601856 -22.813941   -100 -100.00 -100.00 -100.00
  12   301.365 54775.48095578  7.94 306.597632 -22.824859  5.943 -100.00 -100.00 -100.00
  12   312.191 54775.48095637  4.34 306.598717 -22.822405  4.205 -100.00 -100.00 -100.00
  12   312.605 54775.48095696  3.16 306.599803 -22.819952  3.833 -100.00 -100.00 -100.00
  12   313.454 54775.48095755  2.58 306.600888 -22.817499  3.344 -100.00 -100.00 -100.00
  12   313.258 54775.48095814  1.67 306.601973 -22.815045  2.598 -100.00 -100.00 -100.00
  12   312.912 54775.48095873  0.44 306.603058 -22.812592  2.237 -100.00 -100.00 -100.00
  13   302.368 54785.39659597 19.63 306.597460 -22.825332  8.769 -100.00 -100.00 -100.00
  13   303.647 54785.39659656 22.79 306.598545 -22.822879 10.294 -100.00 -100.00 -100.00
  13   300.893 54785.39659715 29.04 306.599631 -22.820426 16.417 -100.00 -100.00 -100.00
  13   298.247 54785.39659774 28.97 306.600716 -22.817973   -100 -100.00 -100.00 -100.00
  13   299.282 54785.39659833 22.60 306.601801 -22.815519   -100 -100.00 -100.00 -100.00
  13   296.524 54785.39659892 18.51 306.602886 -22.813066 27.535 -100.00 -100.00 -100.00
  14   307.849 54795.31223489  2.15 306.598852 -22.824190  4.361 -100.00 -100.00 -100.00
  14   308.844 54795.31223548  0.95 306.599937 -22.821737  4.283 -100.00 -100.00 -100.00
  17   279.819 54825.05915819 28.78 306.609430 -22.817328 24.187 -100.00 -100.00 -100.00
  17   280.415 54825.05915878 31.73 306.610515 -22.814874   -100 -100.00 -100.00 -100.00
  17   279.334 54825.05915937 18.72 306.611600 -22.812420   -100 -100.00 -100.00 -100.00
  17   279.976 54825.05915996 18.87 306.612685 -22.809967   -100 -100.00 -100.00 -100.00
  17   279.648 54825.05916055 27.67 306.613770 -22.807513 19.685 -100.00 -100.00 -100.00
  19   246.916 54844.89044548 20.93 306.598365 -22.825105  9.767 -100.00 -100.00 -100.00
  19   233.212 54844.89044607 22.80 306.599450 -22.822652 14.248 -100.00 -100.00 -100.00
  19   233.140 54844.89044666 23.32 306.600535 -22.820198 14.225 -100.00 -100.00 -100.00
  19   233.562 54844.89044725 22.98 306.601621 -22.817744 12.603 -100.00 -100.00 -100.00
  19   233.255 54844.89044784 24.59 306.602706 -22.815291 18.869 -100.00 -100.00 -100.00
  19   233.462 54844.89044843 25.14 306.603791 -22.812837 19.968 -100.00 -100.00 -100.00
  20   306.919 54854.80609471  1.44 306.596014 -22.825394  4.375 -100.00 -100.00 -100.00
  20   312.181 54854.80609531  0.71 306.597099 -22.822940  4.146 -100.00 -100.00 -100.00
  21   233.932 54864.72174409 51.97 306.595523 -22.825458 11.056 -100.00 -100.00 -100.00
  21   233.811 54864.72174469 52.05 306.596609 -22.823004 12.780 -100.00 -100.00 -100.00
  21   233.972 54864.72174528 52.50 306.597694 -22.820550  3.837 -100.00 -100.00 -100.00
  21   233.946 54864.72174587 54.86 306.598779 -22.818096  9.758 -100.00 -100.00 -100.00
  21   233.776 54864.72174646 54.08 306.599864 -22.815642   -100 -100.00 -100.00 -100.00
  23   235.038 54884.55303976 45.01 306.595992 -22.824283   -100 -100.00 -100.00 -100.00
  23   234.926 54884.55304035 47.65 306.597077 -22.821829   -100 -100.00 -100.00 -100.00
  23   234.825 54884.55304094 47.08 306.598162 -22.819375   -100 -100.00 -100.00 -100.00
  23   234.794 54884.55304153 45.15 306.599248 -22.816921   -100 -100.00 -100.00 -100.00
  23   234.726 54884.55304212 38.84 306.600333 -22.814468 29.154 -100.00 -100.00 -100.00
  24   234.597 54894.46868209 41.36 306.594399 -22.825179 31.250 -100.00 -100.00 -100.00
  24   234.512 54894.46868268 43.55 306.595484 -22.822725   -100 -100.00 -100.00 -100.00
  24   234.645 54894.46868327 44.80 306.596569 -22.820271   -100 -100.00 -100.00 -100.00
  24   234.731 54894.46868386 44.92 306.597654 -22.817817   -100 -100.00 -100.00 -100.00
  25   312.597 54904.38432162  1.01 306.592653 -22.825385  5.698 -100.00 -100.00 -100.00
  25   318.463 54904.38432221  0.35 306.593738 -22.822932  4.753 -100.00 -100.00 -100.00
  25   316.424 54904.38432280  0.39 306.594824 -22.820478  7.048 -100.00 -100.00 -100.00
  26   298.566 54914.29995969 20.80 306.592479 -22.825905 18.600 -100.00 -100.00 -100.00
  26   292.022 54914.29996028 24.64 306.593564 -22.823451 22.615 -100.00 -100.00 -100.00
  26   305.406 54914.29996087 25.99 306.594650 -22.820997 23.380 -100.00 -100.00 -100.00
  26   286.807 54914.29996146 26.12 306.595735 -22.818544   -100 -100.00 -100.00 -100.00
  27   235.568 54924.21559759 30.49 306.594782 -22.824924 30.366 -100.00 -100.00 -100.00
  27   235.382 54924.21559818 28.41 306.595868 -22.822470 23.223 -100.00 -100.00 -100.00
  27   235.214 54924.21559877 28.36 306.596953 -22.820016 25.121 -100.00 -100.00 -100.00
  27   235.105 54924.21559936 28.22 306.598038 -22.817563 22.766 -100.00 -100.00 -100.00
  28   234.163 54934.13123481 42.91 306.598757 -22.824237 27.402 -100.00 -100.00 -100.00
  28   233.929 54934.13123540 48.11 306.599843 -22.821784   -100 -100.00 -100.00 -100.00
  28   233.949 54934.13123599 52.23 306.600928 -22.819330   -100 -100.00 -100.00 -100.00
  28   233.693 54934.13123658 54.02 306.602013 -22.816876 14.464 -100.00 -100.00 -100.00
  28   234.032 54934.13123717 52.77 306.603098 -22.814422   -100 -100.00 -100.00 -100.00
  28   234.029 54934.13123776 55.46 306.604183 -22.811969   -100 -100.00 -100.00 -100.00
  30   233.570 54953.96250537 51.01 306.611274 -22.814824   -100 -100.00 -100.00 -100.00
  30   233.523 54953.96250596 53.75 306.612359 -22.812371   -100 -100.00 -100.00 -100.00
  30   233.662 54953.96250655 53.59 306.613444 -22.809917   -100 -100.00 -100.00 -100.00
  30   233.699 54953.96250714 54.51 306.614529 -22.807463   -100 -100.00 -100.00 -100.00
  31   233.897 54963.87814903 46.06 306.607360 -22.819024   -100 -100.00 -100.00 -100.00
  31   233.956 54963.87814962 48.75 306.608446 -22.816570   -100 -100.00 -100.00 -100.00
  31   233.715 54963.87815021 48.97 306.609531 -22.814116   -100 -100.00 -100.00 -100.00
  31   233.831 54963.87815080 48.23 306.610617 -22.811663   -100 -100.00 -100.00 -100.00
  31   233.786 54963.87815139 51.07 306.611702 -22.809209 10.691 -100.00 -100.00 -100.00
  31   233.885 54963.87815198 47.56 306.612787 -22.806755   -100 -100.00 -100.00 -100.00
  32   234.807 54973.79379661 44.99 306.603641 -22.821055 25.320 -100.00 -100.00 -100.00
  32   234.739 54973.79379720 44.51 306.604726 -22.818601   -100 -100.00 -100.00 -100.00
  32   234.511 54973.79379779 43.77 306.605812 -22.816147   -100 -100.00 -100.00 -100.00
  32   234.459 54973.79379838 41.40 306.606897 -22.813693   -100 -100.00 -100.00 -100.00
  32   234.504 54973.79379897 38.53 306.607982 -22.811240 28.580 -100.00 -100.00 -100.00
  32   234.377 54973.79379956 38.25 306.609067 -22.808786   -100 -100.00 -100.00 -100.00
  33   304.121 54983.70944392  3.44 306.602205 -22.822897  8.111 -100.00 -100.00 -100.00
  33   303.317 54983.70944451  3.25 306.603291 -22.820443  8.579 -100.00 -100.00 -100.00
  33   288.523 54983.70944510  4.47 306.604376 -22.817990 11.023 -100.00 -100.00 -100.00
  33   302.058 54983.70944569  2.65 306.605461 -22.815536  8.966 -100.00 -100.00 -100.00
  33   301.689 54983.70944628  1.78 306.606547 -22.813082  7.940 -100.00 -100.00 -100.00
  33   298.726 54983.70944687  3.23 306.607632 -22.810628  9.971 -100.00 -100.00 -100.00
  33   298.587 54983.70944746  1.94 306.608717 -22.808175  8.338 -100.00 -100.00 -100.00
  42   234.317 55072.95023071 49.11 306.609217 -22.816760   -100 -100.00 -100.00 -100.00
  42   234.231 55072.95023131 51.76 306.610302 -22.814307   -100 -100.00 -100.00 -100.00
  42   234.183 55072.95023190 48.98 306.611387 -22.811853   -100 -100.00 -100.00 -100.00
  42   234.162 55072.95023249 52.19 306.612472 -22.809400   -100 -100.00 -100.00 -100.00
  42   234.011 55072.95023308 52.90 306.613557 -22.806946   -100 -100.00 -100.00 -100.00
  43   234.512 55082.86587948 22.82 306.606099 -22.813126 10.958 -100.00 -100.00 -100.00
  43   234.096 55082.86588007 26.33 306.607184 -22.810672 18.849 -100.00 -100.00 -100.00
  43   233.912 55082.86588066 27.67 306.608269 -22.808219 22.451 -100.00 -100.00 -100.00
  44   299.841 55092.78152338 17.27 306.597421 -22.825267 18.186 -100.00 -100.00 -100.00
  44   297.732 55092.78152397  9.42 306.598506 -22.822813  6.939 -100.00 -100.00 -100.00
  44   291.200 55092.78152456 16.56 306.599591 -22.820360 21.874 -100.00 -100.00 -100.00
  44   299.916 55092.78152515  4.80 306.600676 -22.817907  5.483 -100.00 -100.00 -100.00
  44   290.124 55092.78152574  6.47 306.601762 -22.815453  7.547 -100.00 -100.00 -100.00
  44   298.194 55092.78152633  4.00 306.602847 -22.813000  4.583 -100.00 -100.00 -100.00
  45   234.834 55102.69717000 18.34 306.595861 -22.826467  7.439 -100.00 -100.00 -100.00
  45   234.803 55102.69717059 19.26 306.596946 -22.824014  7.725 -100.00 -100.00 -100.00
  45   234.652 55102.69717118 20.20 306.598031 -22.821561  8.204 -100.00 -100.00 -100.00
  45   234.772 55102.69717177 20.50 306.599117 -22.819107  8.620 -100.00 -100.00 -100.00
  45   234.429 55102.69717236 22.86 306.600202 -22.816654 12.436 -100.00 -100.00 -100.00
  45   234.626 55102.69717295 23.87 306.601287 -22.814200 12.572 -100.00 -100.00 -100.00
  54   314.054 55191.93794596 18.54 306.607957 -22.818767 14.144 -100.00 -100.00 -100.00
  54   293.707 55191.93794655 19.67 306.609042 -22.816313 16.126 -100.00 -100.00 -100.00
  54   290.943 55191.93794714 21.84 306.610127 -22.813859 19.327 -100.00 -100.00 -100.00
  54   288.458 55191.93794773 21.92 306.611212 -22.811406 21.885 -100.00 -100.00 -100.00
  54   293.591 55191.93794832 22.45 306.612297 -22.808952 24.773 -100.00 -100.00 -100.00
  54   302.532 55191.93794891 20.62 306.613382 -22.806498 18.933 -100.00 -100.00 -100.00
  55   291.423 55201.85359487 18.38 306.601268 -22.823703 14.063 -100.00 -100.00 -100.00
  55   313.107 55201.85359546 20.74 306.602353 -22.821249 16.731 -100.00 -100.00 -100.00
  55   289.960 55201.85359605 21.79 306.603438 -22.818795 17.991 -100.00 -100.00 -100.00
  55   287.211 55201.85359664 23.55 306.604523 -22.816341 23.077 -100.00 -100.00 -100.00
  55   292.075 55201.85359723 23.04 306.605608 -22.813888 24.768 -100.00 -100.00 -100.00
  55   301.172 55201.85359782 27.60 306.606693 -22.811434 26.828 -100.00 -100.00 -100.00
  55   305.302 55201.85359841 23.45 306.607778 -22.808980 21.978 -100.00 -100.00 -100.00
  56   304.697 55211.76924426  8.65 306.597542 -22.825440  3.004 -100.00 -100.00 -100.00
  56   303.321 55211.76924485  7.63 306.598627 -22.822986  3.523 -100.00 -100.00 -100.00
  56   307.610 55211.76924544  6.03 306.599712 -22.820532  2.842 -100.00 -100.00 -100.00
  56   308.054 55211.76924603  4.86 306.600797 -22.818078  3.134 -100.00 -100.00 -100.00
  56   307.653 55211.76924662  5.18 306.601882 -22.815625  3.749 -100.00 -100.00 -100.00
  56   281.280 55211.76924722  8.50 306.602967 -22.813171  5.963 -100.00 -100.00 -100.00
  57   311.676 55221.68489380 19.16 306.596837 -22.825529 15.029 -100.00 -100.00 -100.00
  57   292.459 55221.68489439 21.71 306.597923 -22.823075 19.522 -100.00 -100.00 -100.00
  57   290.009 55221.68489498 22.89 306.599008 -22.820622 23.075 -100.00 -100.00 -100.00
  57   287.548 55221.68489557 25.54 306.600093 -22.818168 23.805 -100.00 -100.00 -100.00
  57   292.540 55221.68489616 26.95 306.601178 -22.815714 23.375 -100.00 -100.00 -100.00
  57   297.774 55221.68489675 29.01 306.602263 -22.813260 24.852 -100.00 -100.00 -100.00
  67   234.257 55320.84130514 44.05 306.602211 -22.822312   -100 -100.00 -100.00 -100.00
  67   234.128 55320.84130573 47.14 306.603296 -22.819858   -100 -100.00 -100.00 -100.00
  67   234.203 55320.84130632 48.00 306.604382 -22.817404   -100 -100.00 -100.00 -100.00
  67   234.276 55320.84130691 45.34 306.605467 -22.814950   -100 -100.00 -100.00 -100.00
  67   234.159 55320.84130750 47.81 306.606552 -22.812496   -100 -100.00 -100.00 -100.00
  67   234.272 55320.84130809 50.05 306.607638 -22.810042   -100 -100.00 -100.00 -100.00
  67   234.266 55320.84130868 47.85 306.608723 -22.807589   -100 -100.00 -100.00 -100.00
  68   234.160 55330.75694928 21.14 306.600162 -22.823208 10.066 -100.00 -100.00 -100.00
  68   233.986 55330.75694987 23.08 306.601247 -22.820754 12.497 -100.00 -100.00 -100.00
  68   233.976 55330.75695046 24.84 306.602333 -22.818300 16.879 -100.00 -100.00 -100.00
  68   234.228 55330.75695105 25.33 306.603418 -22.815846 18.810 -100.00 -100.00 -100.00
  68   234.288 55330.75695164 26.50 306.604503 -22.813393 21.373 -100.00 -100.00 -100.00
  68   234.612 55330.75695223 24.91 306.605589 -22.810939 14.465 -100.00 -100.00 -100.00
  77   234.166 55419.99772908 46.43 306.608500 -22.818330   -100 -100.00 -100.00 -100.00
  77   234.195 55419.99772967 48.87 306.609585 -22.815876   -100 -100.00 -100.00 -100.00
  77   234.215 55419.99773026 44.60 306.610670 -22.813423   -100 -100.00 -100.00 -100.00
  77   234.218 55419.99773085 42.27 306.611755 -22.810969   -100 -100.00 -100.00 -100.00
  77   234.052 55419.99773144 38.17 306.612840 -22.808516   -100 -100.00 -100.00 -100.00
  77   233.966 55419.99773203 33.14 306.613925 -22.806062   -100 -100.00 -100.00 -100.00
  78   233.548 55429.91337512 42.93 306.603913 -22.820680   -100 -100.00 -100.00 -100.00
  78   233.659 55429.91337571 40.09 306.604999 -22.818227   -100 -100.00 -100.00 -100.00
  78   233.510 55429.91337630 41.24 306.606084 -22.815773   -100 -100.00 -100.00 -100.00
  78   233.617 55429.91337689 41.27 306.607169 -22.813320   -100 -100.00 -100.00 -100.00
  78   233.480 55429.91337748 43.21 306.608254 -22.810866   -100 -100.00 -100.00 -100.00
  78   233.566 55429.91337807 45.08 306.609339 -22.808413   -100 -100.00 -100.00 -100.00
  80   233.723 55449.74466183 36.27 306.597344 -22.825721   -100 -100.00 -100.00 -100.00
  80   234.999 55449.74466242 37.15 306.598429 -22.823267 15.623 -100.00 -100.00 -100.00
  80   234.151 55449.74466301 39.91 306.599514 -22.820814 32.680 -100.00 -100.00 -100.00
  80   233.768 55449.74466360 47.05 306.600599 -22.818360  3.790 -100.00 -100.00 -100.00
  80   233.680 55449.74466420 48.31 306.601684 -22.815907   -100 -100.00 -100.00 -100.00
  80   233.852 55449.74466479 47.17 306.602769 -22.813453   -100 -100.00 -100.00 -100.00
  89   297.332 55538.98544428 23.92 306.603935 -22.820862 20.558 -100.00 -100.00 -100.00
  89   302.177 55538.98544487 25.10 306.605020 -22.818409 10.966 -100.00 -100.00 -100.00
  89   306.864 55538.98544546 27.75 306.606105 -22.815955 13.155 -100.00 -100.00 -100.00
  89   304.450 55538.98544605 28.66 306.607190 -22.813502 32.508 -100.00 -100.00 -100.00
  89   300.857 55538.98544664 26.71 306.608275 -22.811048   -100 -100.00 -100.00 -100.00
  89   299.284 55538.98544723 29.76 306.609360 -22.808594   -100 -100.00 -100.00 -100.00
  90   234.558 55548.90108907 45.69 306.602031 -22.822852 30.499 -100.00 -100.00 -100.00
  90   234.540 55548.90108966 49.77 306.603116 -22.820398   -100 -100.00 -100.00 -100.00
  90   234.416 55548.90109025 51.19 306.604201 -22.817945   -100 -100.00 -100.00 -100.00
  90   234.304 55548.90109084 52.45 306.605286 -22.815491   -100 -100.00 -100.00 -100.00
  90   234.351 55548.90109143 53.93 306.606371 -22.813037   -100 -100.00 -100.00 -100.00
  90   234.319 55548.90109203 53.32 306.607456 -22.810584   -100 -100.00 -100.00 -100.00
  90   234.362 55548.90109262 50.92 306.608541 -22.808130   -100 -100.00 -100.00 -100.00
  91   234.335 55558.81673258 45.42 306.600081 -22.823650 25.051 -100.00 -100.00 -100.00
  91   234.059 55558.81673317 49.67 306.601166 -22.821196   -100 -100.00 -100.00 -100.00
  91   233.760 55558.81673376 53.78 306.602251 -22.818742  7.962 -100.00 -100.00 -100.00
  91   234.113 55558.81673435 54.70 306.603336 -22.816289   -100 -100.00 -100.00 -100.00
  91   233.837 55558.81673494 54.49 306.604421 -22.813835  0.572 -100.00 -100.00 -100.00
  91   233.931 55558.81673553 55.75 306.605506 -22.811381  9.337 -100.00 -100.00 -100.00
  92   234.021 55568.73237554 25.40 306.599527 -22.824114 14.157 -100.00 -100.00 -100.00
  92   233.061 55568.73237613 27.87 306.600612 -22.821660 17.952 -100.00 -100.00 -100.00
  92   233.120 55568.73237672 30.27 306.601698 -22.819207 22.812 -100.00 -100.00 -100.00
  92   233.871 55568.73237731 26.05 306.602783 -22.816753 13.488 -100.00 -100.00 -100.00
  92   234.209 55568.73237791 25.67 306.603868 -22.814299 11.853 -100.00 -100.00 -100.00
  92   234.177 55568.73237850 25.53 306.604953 -22.811845 11.162 -100.00 -100.00 -100.00
 101   235.478 55657.97315197 42.83 306.602956 -22.821665   -100 -100.00 -100.00 -100.00
 101   235.386 55657.97315256 41.29 306.604042 -22.819211   -100 -100.00 -100.00 -100.00
 101   235.325 55657.97315315 38.35 306.605127 -22.816757   -100 -100.00 -100.00 -100.00
 101   235.261 55657.97315374 36.84 306.606212 -22.814304 29.867 -100.00 -100.00 -100.00
 101   235.234 55657.97315433 38.26 306.607298 -22.811850   -100 -100.00 -100.00 -100.00
 101   235.317 55657.97315492 41.54 306.608383 -22.809396   -100 -100.00 -100.00 -100.00
 101   235.395 55657.97315551 40.50 306.609468 -22.806942   -100 -100.00 -100.00 -100.00
 102   291.686 55667.88879343  7.23 306.600953 -22.823232  6.473 -100.00 -100.00 -100.00
 102   311.491 55667.88879402  4.56 306.602039 -22.820778  4.293 -100.00 -100.00 -100.00
 102   310.185 55667.88879461  2.50 306.603124 -22.818324  3.729 -100.00 -100.00 -100.00
 102   310.157 55667.88879520  2.73 306.604210 -22.815871  2.515 -100.00 -100.00 -100.00
 102   310.697 55667.88879579  3.86 306.605295 -22.813417  3.302 -100.00 -100.00 -100.00
 102   309.658 55667.88879638  5.74 306.606381 -22.810963  4.263 -100.00 -100.00 -100.00
 102   306.881 55667.88879697  5.48 306.607466 -22.808509  4.163 -100.00 -100.00 -100.00
 103   303.848 55677.80443328  9.70 306.601705 -22.821931  7.771 -100.00 -100.00 -100.00
 103   309.157 55677.80443387  6.30 306.602791 -22.819477  4.457 -100.00 -100.00 -100.00
 103   308.351 55677.80443446  6.95 306.603876 -22.817023  3.761 -100.00 -100.00 -100.00
 103   304.650 55677.80443505  8.36 306.604961 -22.814569  4.502 -100.00 -100.00 -100.00
 103   302.410 55677.80443564  8.10 306.606047 -22.812115  5.341 -100.00 -100.00 -100.00
 103   300.884 55677.80443623  6.66 306.607132 -22.809661  4.435 -100.00 -100.00 -100.00
 114   296.843 55786.87649072  4.33 306.608122 -22.817157  8.428 -100.00 -100.00 -100.00
 114   304.477 55786.87649131  2.02 306.609207 -22.814704  5.920 -100.00 -100.00 -100.00
 114   301.615 55786.87649190  2.06 306.610292 -22.812250  6.385 -100.00 -100.00 -100.00
 114   296.180 55786.87649250  2.23 306.611377 -22.809797  6.314 -100.00 -100.00 -100.00
 114   317.433 55786.87649309  0.31 306.612462 -22.807343  2.863 -100.00 -100.00 -100.00
 115   322.369 55796.79212492  0.49 306.610609 -22.816069  5.624 -100.00 -100.00 -100.00
 115   297.246 55796.79212551  3.49 306.611694 -22.813616 10.311 -100.00 -100.00 -100.00
 115   296.855 55796.79212610  2.41 306.612780 -22.811163  9.233 -100.00 -100.00 -100.00
 116   297.105 55806.70776730  4.09 306.611441 -22.815870 12.587 -100.00 -100.00 -100.00
 116   296.316 55806.70776848  2.38 306.613611 -22.810963 10.738 -100.00 -100.00 -100.00
 118   297.110 55826.53906275  2.33 306.610246 -22.816846 10.463 -100.00 -100.00 -100.00
 118   296.757 55826.53906334  1.70 306.611331 -22.814392  9.927 -100.00 -100.00 -100.00
 118   299.818 55826.53906393  0.90 306.612416 -22.811939  9.098 -100.00 -100.00 -100.00
 120   309.556 55846.37034256  3.48 306.608813 -22.817291  6.195 -100.00 -100.00 -100.00
 120   315.089 55846.37034315  2.35 306.609898 -22.814837  5.647 -100.00 -100.00 -100.00
 120   318.775 55846.37034374  0.85 306.610983 -22.812384  4.354 -100.00 -100.00 -100.00
 120   319.345 55846.37034433  0.45 306.612068 -22.809931  4.860 -100.00 -100.00 -100.00
 120   319.515 55846.37034492  0.01 306.613153 -22.807477  4.901 -100.00 -100.00 -100.00
 121   317.020 55856.28597862  1.59 306.611191 -22.815715  7.042 -100.00 -100.00 -100.00
 121   296.708 55856.28597921  5.01 306.612276 -22.813262 13.446 -100.00 -100.00 -100.00
 137   316.892 56014.93627729  1.24 306.605059 -22.819943  7.159 -100.00 -100.00 -100.00
 137   302.957 56014.93627788  2.84 306.606144 -22.817489  9.575 -100.00 -100.00 -100.00
 139   234.495 56034.76756387 42.05 306.598005 -22.826057   -100 -100.00 -100.00 -100.00
 139   234.512 56034.76756446 43.49 306.599091 -22.823603   -100 -100.00 -100.00 -100.00
 139   234.782 56034.76756505 45.78 306.600176 -22.821149 27.109 -100.00 -100.00 -100.00
 139   234.532 56034.76756564 48.73 306.601262 -22.818695   -100 -100.00 -100.00 -100.00
 139   234.556 56034.76756623 52.79 306.602347 -22.816241   -100 -100.00 -100.00 -100.00
 139   234.609 56034.76756682 52.51 306.603433 -22.813787   -100 -100.00 -100.00 -100.00
 139   234.523 56034.76756741 55.03 306.604518 -22.811334  6.272 -100.00 -100.00 -100.00
 141   233.620 56054.59884591 22.05 306.607567 -22.818404 13.219 -100.00 -100.00 -100.00
 141   233.677 56054.59884650 22.73 306.608652 -22.815950 15.132 -100.00 -100.00 -100.00
 141   233.670 56054.59884709 24.52 306.609737 -22.813496 16.843 -100.00 -100.00 -100.00
 141   233.541 56054.59884768 26.19 306.610822 -22.811042 21.668 -100.00 -100.00 -100.00
 141   233.682 56054.59884827 24.56 306.611907 -22.808588 16.919 -100.00 -100.00 -100.00
 141   233.447 56054.59884886 26.57 306.612992 -22.806134 26.093 -100.00 -100.00 -100.00
 142   234.083 56064.51448213 27.62 306.613568 -22.812929 29.001 -100.00 -100.00 -100.00
 142   234.108 56064.51448273 29.95 306.614653 -22.810475   -100 -100.00 -100.00 -100.00
 143   234.061 56074.43012503 23.35 306.611136 -22.815749 14.682 -100.00 -100.00 -100.00
 143   234.074 56074.43012562 28.10 306.612221 -22.813295 27.600 -100.00 -100.00 -100.00
 143   234.310 56074.43012621 29.76 306.613306 -22.810841 25.898 -100.00 -100.00 -100.00
 143   233.902 56074.43012680 31.55 306.614391 -22.808388   -100 -100.00 -100.00 -100.00
 144   310.496 56084.34577304  9.74 306.605723 -22.819194 10.491 -100.00 -100.00 -100.00
 144   313.129 56084.34577363 10.45 306.606808 -22.816741 13.078 -100.00 -100.00 -100.00
 144   315.204 56084.34577422 12.23 306.607893 -22.814287 15.565 -100.00 -100.00 -100.00
 144   309.804 56084.34577481 10.90 306.608978 -22.811833 11.618 -100.00 -100.00 -100.00
 144   305.195 56084.34577540 11.36 306.610063 -22.809380 11.363 -100.00 -100.00 -100.00
 144   307.710 56084.34577599 13.49 306.611148 -22.806926 14.278 -100.00 -100.00 -100.00
 150   234.086 56143.83960658 41.74 306.609999 -22.815752   -100 -100.00 -100.00 -100.00
 150   234.268 56143.83960717 40.96 306.611085 -22.813299   -100 -100.00 -100.00 -100.00
 150   234.051 56143.83960776 39.61 306.612170 -22.810845 29.680 -100.00 -100.00 -100.00
 150   234.059 56143.83960835 40.00 306.613255 -22.808392 30.497 -100.00 -100.00 -100.00
 150   234.045 56143.83960894 41.03 306.614340 -22.805938   -100 -100.00 -100.00 -100.00
 151   233.605 56153.75525593 22.75 306.605341 -22.820009 21.589 -100.00 -100.00 -100.00
 151   233.926 56153.75525652 20.29 306.606426 -22.817556 13.105 -100.00 -100.00 -100.00
 151   233.953 56153.75525711 20.63 306.607511 -22.815102 15.118 -100.00 -100.00 -100.00
 151   233.912 56153.75525770 22.14 306.608596 -22.812649 17.522 -100.00 -100.00 -100.00
 151   233.897 56153.75525829 23.51 306.609681 -22.810195 19.754 -100.00 -100.00 -100.00
 151   234.029 56153.75525888 25.38 306.610766 -22.807742 27.109 -100.00 -100.00 -100.00
 152   233.410 56163.67090502 22.16 306.604111 -22.821218 22.256 -100.00 -100.00 -100.00
 152   233.776 56163.67090561 18.77 306.605196 -22.818765 13.495 -100.00 -100.00 -100.00
 152   233.789 56163.67090620 20.16 306.606281 -22.816311 15.501 -100.00 -100.00 -100.00
 152   233.897 56163.67090679 21.43 306.607366 -22.813858 17.847 -100.00 -100.00 -100.00
 152   233.977 56163.67090738 21.52 306.608451 -22.811404 15.771 -100.00 -100.00 -100.00
 152   233.953 56163.67090797 25.67 306.609536 -22.808951 26.540 -100.00 -100.00 -100.00
 152   234.167 56163.67090856 26.87 306.610621 -22.806497   -100 -100.00 -100.00 -100.00
 153   234.663 56173.58655272 45.82 306.605283 -22.820026 24.532 -100.00 -100.00 -100.00
 153   234.370 56173.58655331 48.84 306.606368 -22.817573   -100 -100.00 -100.00 -100.00
 153   234.228 56173.58655390 50.22 306.607453 -22.815119   -100 -100.00 -100.00 -100.00
 153   234.108 56173.58655449 51.72 306.608538 -22.812666   -100 -100.00 -100.00 -100.00
 153   234.266 56173.58655508 52.32 306.609623 -22.810212   -100 -100.00 -100.00 -100.00
 153   234.229 56173.58655567 51.32 306.610708 -22.807759   -100 -100.00 -100.00 -100.00
 154   233.906 56183.50219541 29.75 306.606962 -22.818546 25.296 -100.00 -100.00 -100.00
 154   234.059 56183.50219600 30.95 306.608047 -22.816093 24.353 -100.00 -100.00 -100.00
 154   234.021 56183.50219659 32.78 306.609132 -22.813639 31.853 -100.00 -100.00 -100.00
 154   233.866 56183.50219718 36.39 306.610217 -22.811186   -100 -100.00 -100.00 -100.00
 154   233.907 56183.50219777 37.93 306.611302 -22.808733   -100 -100.00 -100.00 -100.00
 154   233.978 56183.50219836 39.38 306.612387 -22.806279   -100 -100.00 -100.00 -100.00
 156   326.738 56203.33346859  9.30 306.605659 -22.820469 10.036 -100.00 -100.00 -100.00
 156   310.932 56203.33346918  9.28 306.606744 -22.818016 12.861 -100.00 -100.00 -100.00
 156   321.253 56203.33346978 11.29 306.607829 -22.815563 15.630 -100.00 -100.00 -100.00
 156   325.483 56203.33347037 10.71 306.608914 -22.813110 14.157 -100.00 -100.00 -100.00
 156   310.156 56203.33347096 12.52 306.609999 -22.810656 15.681 -100.00 -100.00 -100.00
 156   312.673 56203.33347155 12.24 306.611084 -22.808203 14.219 -100.00 -100.00 -100.00
 156   314.002 56203.33347214 13.67 306.612169 -22.805750 19.962 -100.00 -100.00 -100.00
 162   315.200 56262.82733424 10.99 306.604092 -22.821547 10.737 -100.00 -100.00 -100.00
 162   316.860 56262.82733483  9.77 306.605177 -22.819093 10.062 -100.00 -100.00 -100.00
 162   311.645 56262.82733542  9.04 306.606262 -22.816640  8.874 -100.00 -100.00 -100.00
 162   307.074 56262.82733601  4.23 306.607347 -22.814186  5.451 -100.00 -100.00 -100.00
 162   308.337 56262.82733660  7.24 306.608432 -22.811733  8.648 -100.00 -100.00 -100.00
 162   312.168 56262.82733719  5.42 306.609517 -22.809279  6.123 -100.00 -100.00 -100.00
 162   313.642 56262.82733778 10.63 306.610602 -22.806825 12.812 -100.00 -100.00 -100.00
 165   233.261 56292.57427172 17.88 306.602685 -22.821829 11.106 -100.00 -100.00 -100.00
 165   233.074 56292.57427231 20.53 306.603771 -22.819375 15.578 -100.00 -100.00 -100.00
 165   232.970 56292.57427290 22.75 306.604856 -22.816922 21.041 -100.00 -100.00 -100.00
 165   233.001 56292.57427349 22.96 306.605941 -22.814468 20.469 -100.00 -100.00 -100.00
 165   233.179 56292.57427408 26.53 306.607026 -22.812014 27.506 -100.00 -100.00 -100.00
 165   233.484 56292.57427467 27.23 306.608111 -22.809561 29.586 -100.00 -100.00 -100.00
 165   233.594 56292.57427526 29.95 306.609196 -22.807107 31.696 -100.00 -100.00 -100.00
 166   287.484 56302.48991865 10.31 306.599120 -22.825218  7.727 -100.00 -100.00 -100.00
 166   285.255 56302.48991924  8.70 306.600205 -22.822764  8.021 -100.00 -100.00 -100.00
 166   284.628 56302.48991983  8.58 306.601290 -22.820311  8.987 -100.00 -100.00 -100.00
 166   281.324 56302.48992043 10.74 306.602375 -22.817857 11.141 -100.00 -100.00 -100.00
 166   282.187 56302.48992102 13.15 306.603461 -22.815403 12.773 -100.00 -100.00 -100.00
 166   282.678 56302.48992161 17.68 306.604546 -22.812950 16.030 -100.00 -100.00 -100.00
 166   282.958 56302.48992220  9.76 306.605631 -22.810496 11.495 -100.00 -100.00 -100.00
 168   248.432 56322.32120265 15.22 306.596046 -22.826483  8.426 -100.00 -100.00 -100.00
 168   247.057 56322.32120324 17.16 306.597132 -22.824029  9.918 -100.00 -100.00 -100.00
 168   233.726 56322.32120383 16.24 306.598217 -22.821576  8.454 -100.00 -100.00 -100.00
 168   233.284 56322.32120442 18.47 306.599302 -22.819122 13.116 -100.00 -100.00 -100.00
 168   233.642 56322.32120501 18.88 306.600388 -22.816669 12.545 -100.00 -100.00 -100.00
 168   233.320 56322.32120560 19.94 306.601473 -22.814215 16.616 -100.00 -100.00 -100.00
 173   334.780 56371.89941134  3.81 306.604012 -22.820850  3.878 -100.00 -100.00 -100.00
 173   335.906 56371.89941193  2.49 306.605098 -22.818397  3.451 -100.00 -100.00 -100.00
 173   332.395 56371.89941252  2.74 306.606183 -22.815943  4.648 -100.00 -100.00 -100.00
 173   337.435 56371.89941311  0.95 306.607269 -22.813489  3.476 -100.00 -100.00 -100.00
 174   304.469 56381.81505652  4.51 306.597954 -22.826200  8.011 -100.00 -100.00 -100.00
 174   305.466 56381.81505711  2.99 306.599040 -22.823746  6.353 -100.00 -100.00 -100.00
 174   305.281 56381.81505770  3.81 306.600125 -22.821292  9.618 -100.00 -100.00 -100.00
 174   305.605 56381.81505829  2.15 306.601210 -22.818838  7.778 -100.00 -100.00 -100.00
 174   305.214 56381.81505888  2.92 306.602296 -22.816384  9.651 -100.00 -100.00 -100.00
 174   309.686 56381.81505947  0.05 306.603381 -22.813931  6.511 -100.00 -100.00 -100.00
 175   233.629 56391.73070362 54.56 306.601264 -22.816330  8.647 -100.00 -100.00 -100.00
 175   233.735 56391.73070421 52.08 306.602349 -22.813876   -100 -100.00 -100.00 -100.00
 176   305.710 56401.64634520  7.35 306.600294 -22.823494  9.124 -100.00 -100.00 -100.00
 176   325.677 56401.64634579  9.64 306.601379 -22.821040 10.878 -100.00 -100.00 -100.00
 176   311.477 56401.64634638  6.99 306.602464 -22.818587  7.474 -100.00 -100.00 -100.00
 176   306.214 56401.64634697  8.36 306.603549 -22.816133  9.716 -100.00 -100.00 -100.00
 176   308.635 56401.64634756  9.68 306.604635 -22.813679  9.772 -100.00 -100.00 -100.00
 176   310.824 56401.64634815 10.17 306.605720 -22.811225 10.610 -100.00 -100.00 -100.00
 177   233.215 56411.56198653 26.18 306.605024 -22.820238 13.666 -100.00 -100.00 -100.00
 177   233.044 56411.56198712 29.56 306.606110 -22.817784 20.370 -100.00 -100.00 -100.00
 177   232.949 56411.56198771 32.19 306.607195 -22.815330 31.499 -100.00 -100.00 -100.00
 177   233.101 56411.56198830 31.08 306.608280 -22.812876 24.988 -100.00 -100.00 -100.00
 177   233.031 56411.56198889 33.37 306.609365 -22.810422 32.248 -100.00 -100.00 -100.00
 177   233.298 56411.56198948 34.48 306.610450 -22.807968   -100 -100.00 -100.00 -100.00
 178   233.858 56421.47762277 44.75 306.610120 -22.817043 24.253 -100.00 -100.00 -100.00
 178   233.518 56421.47762336 49.06 306.611205 -22.814589   -100 -100.00 -100.00 -100.00
 178   233.549 56421.47762395 52.71 306.612291 -22.812135   -100 -100.00 -100.00 -100.00
 178   233.666 56421.47762454 51.24 306.613376 -22.809681   -100 -100.00 -100.00 -100.00
 178   233.353 56421.47762513 49.39 306.614460 -22.807227  1.288 -100.00 -100.00 -100.00
 180   233.376 56441.30891300 16.74 306.604094 -22.820333 10.871 -100.00 -100.00 -100.00
 180   233.427 56441.30891359 18.64 306.605179 -22.817879 13.244 -100.00 -100.00 -100.00
 180   233.012 56441.30891418 22.45 306.606264 -22.815426 25.757 -100.00 -100.00 -100.00
 180   233.352 56441.30891477 24.33 306.607349 -22.812972 29.812 -100.00 -100.00 -100.00
 180   233.462 56441.30891536 24.79 306.608434 -22.810518 30.845 -100.00 -100.00 -100.00
 180   233.641 56441.30891595 22.35 306.609519 -22.808065 20.534 -100.00 -100.00 -100.00
 185   234.397 56490.88713124 45.97 306.602789 -22.821171 30.424 -100.00 -100.00 -100.00
 185   234.039 56490.88713183 52.20 306.603875 -22.818718   -100 -100.00 -100.00 -100.00
 185   233.995 56490.88713242 53.83 306.604960 -22.816264   -100 -100.00 -100.00 -100.00
 185   233.898 56490.88713301 51.28 306.606045 -22.813810   -100 -100.00 -100.00 -100.00
 185   233.999 56490.88713360 53.86 306.607130 -22.811357  3.683 -100.00 -100.00 -100.00
 185   234.099 56490.88713419 53.86 306.608215 -22.808903   -100 -100.00 -100.00 -100.00
 187   326.862 56510.71840170  1.67 306.612265 -22.814170  5.711 -100.00 -100.00 -100.00
 187   319.158 56510.71840229  3.12 306.613350 -22.811717  6.324 -100.00 -100.00 -100.00
 191   233.966 56550.38099196 43.81 306.603564 -22.821732 24.907 -100.00 -100.00 -100.00
 191   233.602 56550.38099255 49.19 306.604649 -22.819279   -100 -100.00 -100.00 -100.00
 191   233.368 56550.38099314 53.18 306.605734 -22.816826   -100 -100.00 -100.00 -100.00
 191   233.539 56550.38099374 54.57 306.606819 -22.814373   -100 -100.00 -100.00 -100.00
 191   233.447 56550.38099433 55.32 306.607904 -22.811919   -100 -100.00 -100.00 -100.00
 191   233.520 56550.38099492 54.07 306.608989 -22.809466   -100 -100.00 -100.00 -100.00
 191   233.450 56550.38099551 56.01 306.610074 -22.807013  6.011 -100.00 -100.00 -100.00
 192   233.487 56560.29663394 23.69 306.601077 -22.823751  8.536 -100.00 -100.00 -100.00
 192   233.087 56560.29663453 27.85 306.602162 -22.821297 19.716 -100.00 -100.00 -100.00
 192   233.636 56560.29663512 26.08 306.603247 -22.818844 13.219 -100.00 -100.00 -100.00
 192   233.618 56560.29663571 28.53 306.604332 -22.816391 16.817 -100.00 -100.00 -100.00
 192   233.739 56560.29663630 31.09 306.605417 -22.813938 27.763 -100.00 -100.00 -100.00
 192   233.751 56560.29663689 32.78 306.606502 -22.811484 31.128 -100.00 -100.00 -100.00
 192   233.633 56560.29663748 33.43 306.607587 -22.809031   -100 -100.00 -100.00 -100.00
 197   234.138 56609.87485039 46.08 306.606753 -22.819579 31.330 -100.00 -100.00 -100.00
 197   234.222 56609.87485098 50.34 306.607838 -22.817125   -100 -100.00 -100.00 -100.00
 197   233.933 56609.87485157 51.58 306.608923 -22.814671   -100 -100.00 -100.00 -100.00
 197   233.951 56609.87485216 52.43 306.610008 -22.812218  9.142 -100.00 -100.00 -100.00
 197   233.919 56609.87485275 47.18 306.611093 -22.809764   -100 -100.00 -100.00 -100.00
 197   233.892 56609.87485334 44.04 306.612178 -22.807311   -100 -100.00 -100.00 -100.00
 197   233.809 56609.87485393 42.19 306.613263 -22.804857   -100 -100.00 -100.00 -100.00
 198   233.965 56619.79049608 37.89 306.603583 -22.821041   -100 -100.00 -100.00 -100.00
 198   233.860 56619.79049667 38.23 306.604668 -22.818587   -100 -100.00 -100.00 -100.00
 198   233.824 56619.79049726 31.96 306.605753 -22.816134   -100 -100.00 -100.00 -100.00
 198   233.712 56619.79049785 33.68 306.606838 -22.813680   -100 -100.00 -100.00 -100.00
 198   233.768 56619.79049844 31.30 306.607923 -22.811226 30.829 -100.00 -100.00 -100.00
 198   233.417 56619.79049903 34.17 306.609008 -22.808773   -100 -100.00 -100.00 -100.00
 199   323.201 56629.70613886  1.61 306.602195 -22.822789  3.848 -100.00 -100.00 -100.00
 199   322.790 56629.70613945  1.55 306.603280 -22.820336  3.730 -100.00 -100.00 -100.00
 199   316.240 56629.70614004  1.82 306.604365 -22.817882  4.629 -100.00 -100.00 -100.00
 199   323.166 56629.70614063  1.95 306.605450 -22.815429  5.419 -100.00 -100.00 -100.00
 200   233.798 56639.62177980 16.01 306.605607 -22.819192  7.240 -100.00 -100.00 -100.00
 200   233.708 56639.62178039 19.94 306.606692 -22.816739 14.656 -100.00 -100.00 -100.00
 200   233.919 56639.62178098 22.66 306.607777 -22.814285 21.318 -100.00 -100.00 -100.00
 200   233.827 56639.62178157 25.01 306.608862 -22.811832 26.419 -100.00 -100.00 -100.00
 200   233.843 56639.62178216 25.17 306.609947 -22.809378 27.146 -100.00 -100.00 -100.00
 200   233.851 56639.62178276 24.22 306.611032 -22.806924 24.444 -100.00 -100.00 -100.00
 201   233.404 56649.53742599 19.30 306.605654 -22.819300 16.927 -100.00 -100.00 -100.00
 201   233.199 56649.53742658 25.30 306.606739 -22.816847   -100 -100.00 -100.00 -100.00
 201   233.513 56649.53742717 25.88 306.607824 -22.814393 31.943 -100.00 -100.00 -100.00
 201   233.749 56649.53742777 26.80 306.608909 -22.811940   -100 -100.00 -100.00 -100.00
 201   233.756 56649.53742836 25.80 306.609994 -22.809486 29.942 -100.00 -100.00 -100.00
 201   233.709 56649.53742895 24.02 306.611079 -22.807033 26.410 -100.00 -100.00 -100.00
 202   247.076 56659.45307599 22.17 306.599929 -22.824879 13.749 -100.00 -100.00 -100.00
 202   233.898 56659.45307658 19.78 306.601015 -22.822425 11.255 -100.00 -100.00 -100.00
 202   233.832 56659.45307717 20.49 306.602100 -22.819972 11.708 -100.00 -100.00 -100.00
 202   233.853 56659.45307776 22.82 306.603185 -22.817518 14.507 -100.00 -100.00 -100.00
 202   233.800 56659.45307835 23.05 306.604271 -22.815065 14.381 -100.00 -100.00 -100.00
 202   233.946 56659.45307894 24.49 306.605356 -22.812611 16.323 -100.00 -100.00 -100.00
 202   234.057 56659.45307953 28.42 306.606441 -22.810158 29.918 -100.00 -100.00 -100.00
 208   233.091 56718.94692934 31.72 306.608075 -22.817266 15.071 -100.00 -100.00 -100.00
 208   233.302 56718.94692993 33.11 306.609160 -22.814812 18.134 -100.00 -100.00 -100.00
 208   233.556 56718.94693052 30.75 306.610246 -22.812359 12.104 -100.00 -100.00 -100.00
 208   233.447 56718.94693111 35.75 306.611331 -22.809905 24.688 -100.00 -100.00 -100.00
 208   233.690 56718.94693170 34.48 306.612416 -22.807451 20.185 -100.00 -100.00 -100.00
 208   233.594 56718.94693229 36.26 306.613501 -22.804997 21.525 -100.00 -100.00 -100.00
 211   327.035 56748.69387320  1.63 306.597794 -22.825243  5.371 -100.00 -100.00 -100.00
 211   326.695 56748.69387379  2.03 306.598879 -22.822789  6.293 -100.00 -100.00 -100.00
 212   308.740 56758.60951459  2.02 306.602454 -22.821447  5.385 -100.00 -100.00 -100.00
 212   303.052 56758.60951518  2.35 306.603539 -22.818993  6.034 -100.00 -100.00 -100.00
 212   308.469 56758.60951577  1.37 306.604625 -22.816539  5.743 -100.00 -100.00 -100.00
 212   311.114 56758.60951636  0.11 306.605710 -22.814085  5.182 -100.00 -100.00 -100.00
 212   305.455 56758.60951695  0.33 306.606795 -22.811631  6.019 -100.00 -100.00 -100.00
 213   324.225 56768.52514981  0.92 306.608517 -22.818101  4.108 -100.00 -100.00 -100.00
 213   323.622 56768.52515040  0.63 306.609602 -22.815647  3.561 -100.00 -100.00 -100.00
 214   327.304 56778.44079680  2.60 306.606771 -22.818625  4.126 -100.00 -100.00 -100.00
 214   326.581 56778.44079739  2.91 306.607857 -22.816171  5.127 -100.00 -100.00 -100.00
 214   322.098 56778.44079798  3.27 306.608942 -22.813717  6.489 -100.00 -100.00 -100.00
 214   329.899 56778.44079857  0.17 306.610027 -22.811263  3.345 -100.00 -100.00 -100.00
 215   246.860 56788.35645031 19.91 306.599232 -22.824744 12.383 -100.00 -100.00 -100.00
 215   232.829 56788.35645090 21.35 306.600317 -22.822290 16.820 -100.00 -100.00 -100.00
 215   232.765 56788.35645149 22.12 306.601402 -22.819836 20.014 -100.00 -100.00 -100.00
 215   232.639 56788.35645208 23.02 306.602487 -22.817383 23.467 -100.00 -100.00 -100.00
 215   232.767 56788.35645267 27.92 306.603573 -22.814929   -100 -100.00 -100.00 -100.00
 215   233.115 56788.35645326 23.51 306.604658 -22.812475 22.305 -100.00 -100.00 -100.00
 215   233.026 56788.35645385 27.12 306.605743 -22.810021   -100 -100.00 -100.00 -100.00
 216   283.723 56798.27210132 17.23 306.594571 -22.826289 24.349 -100.00 -100.00 -100.00
 216   281.003 56798.27210192 11.82 306.595657 -22.823835 14.767 -100.00 -100.00 -100.00
 216   284.010 56798.27210251  5.52 306.596742 -22.821381  6.588 -100.00 -100.00 -100.00
 216   283.384 56798.27210310 21.24 306.597827 -22.818928   -100 -100.00 -100.00 -100.00
 216   280.686 56798.27210369 18.99 306.598912 -22.816474 31.929 -100.00 -100.00 -100.00
 219   302.215 56828.01902495 19.58 306.599580 -22.823594 22.048 -100.00 -100.00 -100.00
 219   298.438 56828.01902554 20.17 306.600665 -22.821140 25.349 -100.00 -100.00 -100.00
 219   294.437 56828.01902613 18.43 306.601751 -22.818687   -100 -100.00 -100.00 -100.00
 219   318.396 56828.01902672  9.56 306.602836 -22.816233 12.405 -100.00 -100.00 -100.00
 219   298.194 56828.01902731 18.19 306.603921 -22.813779 32.018 -100.00 -100.00 -100.00
 219   283.240 56828.01902790 14.66 306.605006 -22.811326 27.682 -100.00 -100.00 -100.00
 224   233.002 56877.59724820 41.03 306.601020 -22.823410 28.633 -100.00 -100.00 -100.00
 224   233.231 56877.59724879 47.14 306.602105 -22.820956   -100 -100.00 -100.00 -100.00
 224   232.865 56877.59724938 52.03 306.603190 -22.818503   -100 -100.00 -100.00 -100.00
 224   232.848 56877.59724997 54.23 306.604275 -22.816049   -100 -100.00 -100.00 -100.00
 224   233.064 56877.59725056 54.98 306.605360 -22.813596  1.214 -100.00 -100.00 -100.00
 224   232.967 56877.59725115 55.52 306.606445 -22.811142   -100 -100.00 -100.00 -100.00
 224   233.115 56877.59725174 55.52 306.607530 -22.808688  1.240 -100.00 -100.00 -100.00
 225   232.932 56887.51289640 41.99 306.598680 -22.824682 28.339 -100.00 -100.00 -100.00
 225   233.051 56887.51289699 44.00 306.599765 -22.822229 29.767 -100.00 -100.00 -100.00
 225   233.145 56887.51289758 46.20 306.600850 -22.819775 32.032 -100.00 -100.00 -100.00
 225   233.023 56887.51289817 49.28 306.601936 -22.817322   -100 -100.00 -100.00 -100.00
 225   232.920 56887.51289876 52.45 306.603021 -22.814869   -100 -100.00 -100.00 -100.00
 225   232.953 56887.51289935 53.04 306.604106 -22.812415   -100 -100.00 -100.00 -100.00
 226   233.844 56897.42854168 38.82 306.595958 -22.825940 16.682 -100.00 -100.00 -100.00
 226   233.143 56897.42854227 44.11 306.597044 -22.823486   -100 -100.00 -100.00 -100.00
 226   233.006 56897.42854286 49.36 306.598129 -22.821033   -100 -100.00 -100.00 -100.00
 226   233.035 56897.42854345 50.16 306.599214 -22.818580   -100 -100.00 -100.00 -100.00
 226   232.924 56897.42854404 52.15 306.600299 -22.816126  8.572 -100.00 -100.00 -100.00
 226   232.990 56897.42854463 50.54 306.601384 -22.813673 12.946 -100.00 -100.00 -100.00
 227   269.916 56907.34418464  8.70 306.595104 -22.824933 11.568 -100.00 -100.00 -100.00
 227   274.917 56907.34418523  6.31 306.596189 -22.822479  9.071 -100.00 -100.00 -100.00
 227   305.842 56907.34418582  2.31 306.597275 -22.820026  6.258 -100.00 -100.00 -100.00
 228   278.610 56917.25982520 22.23 306.595760 -22.825524 10.762 -100.00 -100.00 -100.00
 228   279.342 56917.25982579 26.99 306.596845 -22.823071 16.603 -100.00 -100.00 -100.00
 228   279.099 56917.25982638 32.07 306.597930 -22.820617   -100 -100.00 -100.00 -100.00
 228   277.997 56917.25982697 21.56 306.599015 -22.818164   -100 -100.00 -100.00 -100.00
 228   278.456 56917.25982756 22.31 306.600100 -22.815711 25.616 -100.00 -100.00 -100.00
 229   328.569 56927.17546430  3.04 306.599555 -22.824911  2.628 -100.00 -100.00 -100.00
 229   328.793 56927.17546489  2.24 306.600640 -22.822457  2.365 -100.00 -100.00 -100.00
 229   328.787 56927.17546548  2.36 306.601725 -22.820004  2.913 -100.00 -100.00 -100.00
 229   328.984 56927.17546607  1.43 306.602809 -22.817551  2.293 -100.00 -100.00 -100.00
 229   329.321 56927.17546666  1.38 306.603894 -22.815097  2.819 -100.00 -100.00 -100.00
 229   329.410 56927.17546725  0.82 306.604979 -22.812644  2.235 -100.00 -100.00 -100.00
 229   329.740 56927.17546784  0.54 306.606064 -22.810190  2.137 -100.00 -100.00 -100.00
 230   232.264 56937.09110157 19.90 306.607695 -22.817393 16.457 -100.00 -100.00 -100.00
 230   232.552 56937.09110216 23.15 306.608780 -22.814940 25.710 -100.00 -100.00 -100.00
 230   232.670 56937.09110275 21.58 306.609864 -22.812486 20.187 -100.00 -100.00 -100.00
 230   232.636 56937.09110334 24.72 306.610949 -22.810033 30.132 -100.00 -100.00 -100.00
 230   232.728 56937.09110393 25.53 306.612034 -22.807579 29.706 -100.00 -100.00 -100.00
 230   232.647 56937.09110452 23.08 306.613118 -22.805126 22.647 -100.00 -100.00 -100.00
 235   232.962 56986.66931984 20.88 306.603736 -22.821318  8.499 -100.00 -100.00 -100.00
 235   232.936 56986.66932043 21.77 306.604821 -22.818864 10.657 -100.00 -100.00 -100.00
 235   232.880 56986.66932102 21.16 306.605907 -22.816410  8.956 -100.00 -100.00 -100.00
 235   233.089 56986.66932161 21.32 306.606992 -22.813957  9.548 -100.00 -100.00 -100.00
 235   233.204 56986.66932220 22.07 306.608076 -22.811503  9.952 -100.00 -100.00 -100.00
 235   233.333 56986.66932279 26.48 306.609161 -22.809050 17.684 -100.00 -100.00 -100.00
 235   233.380 56986.66932338 25.47 306.610246 -22.806596 15.131 -100.00 -100.00 -100.00
 237   232.880 57006.50060155 22.53 306.609278 -22.816919 19.575 -100.00 -100.00 -100.00
 237   232.959 57006.50060214 21.76 306.610363 -22.814465 17.499 -100.00 -100.00 -100.00
 237   233.073 57006.50060273 26.23 306.611448 -22.812012 26.152 -100.00 -100.00 -100.00
 237   232.929 57006.50060333 25.95 306.612533 -22.809558 31.614 -100.00 -100.00 -100.00
 237   233.053 57006.50060392 21.83 306.613618 -22.807105 17.117 -100.00 -100.00 -100.00
 239   309.506 57026.33190436 15.83 306.598355 -22.824201 12.360 -100.00 -100.00 -100.00
 239   311.562 57026.33190495 20.74 306.599440 -22.821747 17.295 -100.00 -100.00 -100.00
 239   307.003 57026.33190554 23.07 306.600525 -22.819294 21.150 -100.00 -100.00 -100.00
 239   279.640 57026.33190613 23.59 306.601611 -22.816840 32.541 -100.00 -100.00 -100.00
 239   277.275 57026.33190672 22.73 306.602696 -22.814387   -100 -100.00 -100.00 -100.00
 239   290.387 57026.33190731 27.20 306.603781 -22.811933   -100 -100.00 -100.00 -100.00
 240   294.969 57036.24755235 18.87 306.597314 -22.825539 18.055 -100.00 -100.00 -100.00
 240   295.942 57036.24755294 19.94 306.598399 -22.823086 19.945 -100.00 -100.00 -100.00
 240   293.841 57036.24755353 22.01 306.599484 -22.820632 25.982 -100.00 -100.00 -100.00
 240   294.631 57036.24755412 24.71 306.600570 -22.818179 24.754 -100.00 -100.00 -100.00
 240   292.423 57036.24755471 26.97 306.601655 -22.815725   -100 -100.00 -100.00 -100.00
 240   293.829 57036.24755530 28.21 306.602740 -22.813272   -100 -100.00 -100.00 -100.00
 241   234.852 57046.16319835 40.98 306.599365 -22.824756 20.973 -100.00 -100.00 -100.00
 241   234.572 57046.16319894 46.47 306.600450 -22.822302 29.657 -100.00 -100.00 -100.00
 241   234.515 57046.16319953 51.36 306.601535 -22.819849   -100 -100.00 -100.00 -100.00
 241   234.365 57046.16320012 53.34 306.602620 -22.817395   -100 -100.00 -100.00 -100.00
 241   234.280 57046.16320071 55.13 306.603705 -22.814941  1.696 -100.00 -100.00 -100.00
 241   234.266 57046.16320130 54.51 306.604790 -22.812488  2.002 -100.00 -100.00 -100.00
 241   234.474 57046.16320190 53.77 306.605875 -22.810034   -100 -100.00 -100.00 -100.00
 242   233.468 57056.07884155 17.86 306.603018 -22.821843  7.936 -100.00 -100.00 -100.00
 242   233.154 57056.07884214 23.55 306.604103 -22.819390 20.999 -100.00 -100.00 -100.00
 242   232.922 57056.07884273 23.33 306.605188 -22.816936 18.784 -100.00 -100.00 -100.00
 242   233.145 57056.07884332 23.80 306.606273 -22.814482 18.054 -100.00 -100.00 -100.00
 242   233.146 57056.07884391 26.15 306.607358 -22.812028 23.591 -100.00 -100.00 -100.00
 242   233.193 57056.07884450 28.81 306.608443 -22.809575 32.580 -100.00 -100.00 -100.00
 242   233.469 57056.07884509 26.85 306.609528 -22.807121 24.000 -100.00 -100.00 -100.00
 243   234.259 57065.99447959 48.41 306.606083 -22.818648 31.727 -100.00 -100.00 -100.00
 243   233.977 57065.99448018 52.25 306.607168 -22.816194   -100 -100.00 -100.00 -100.00
 243   233.816 57065.99448078 53.45 306.608253 -22.813740   -100 -100.00 -100.00 -100.00
 243   233.860 57065.99448137 54.96 306.609339 -22.811287  4.067 -100.00 -100.00 -100.00
 243   233.866 57065.99448196 54.52 306.610424 -22.808833   -100 -100.00 -100.00 -100.00
 243   234.075 57065.99448255 54.57 306.611509 -22.806379   -100 -100.00 -100.00 -100.00
 247   233.354 57105.65705596 18.19 306.603846 -22.820513 14.026 -100.00 -100.00 -100.00
 247   233.560 57105.65705655 17.37 306.604932 -22.818059 11.704 -100.00 -100.00 -100.00
 247   233.506 57105.65705714 18.16 306.606017 -22.815605 11.766 -100.00 -100.00 -100.00
 247   233.595 57105.65705774 18.37 306.607102 -22.813151 11.358 -100.00 -100.00 -100.00
 247   233.407 57105.65705833 21.98 306.608187 -22.810697 20.423 -100.00 -100.00 -100.00
 247   233.626 57105.65705892 21.59 306.609272 -22.808243 19.311 -100.00 -100.00 -100.00
 248   233.239 57115.57270753 15.53 306.602675 -22.821878 10.339 -100.00 -100.00 -100.00
 248   233.262 57115.57270812 15.33 306.603760 -22.819424  9.280 -100.00 -100.00 -100.00
 248   233.553 57115.57270871 16.06 306.604845 -22.816970  9.228 -100.00 -100.00 -100.00
 248   233.515 57115.57270930 16.15 306.605930 -22.814516  9.275 -100.00 -100.00 -100.00
 248   233.575 57115.57270989 17.63 306.607015 -22.812062 11.753 -100.00 -100.00 -100.00
 248   233.670 57115.57271048 18.16 306.608100 -22.809608 11.464 -100.00 -100.00 -100.00
 248   233.668 57115.57271107 20.39 306.609185 -22.807154 16.340 -100.00 -100.00 -100.00
 249   233.415 57125.48835299 34.66 306.602099 -22.821981   -100 -100.00 -100.00 -100.00
 249   233.310 57125.48835358 38.86 306.603184 -22.819527   -100 -100.00 -100.00 -100.00
 249   233.159 57125.48835417 33.16 306.604269 -22.817073   -100 -100.00 -100.00 -100.00
 249   233.205 57125.48835476 31.44 306.605354 -22.814619   -100 -100.00 -100.00 -100.00
 249   233.146 57125.48835535 30.41 306.606440 -22.812165   -100 -100.00 -100.00 -100.00
 249   233.138 57125.48835594 29.53 306.607525 -22.809711   -100 -100.00 -100.00 -100.00
