# NaN NaN NaN ;Mean Elev.(m), Avg Gradient(m/km), RMS Gradient(m/km) - SRTM1     
# NaN NaN NaN ;Mean Elev.(m), Avg Gradient(m/km), RMS Gradient(m/km) - ASTER GDEM
#    8.566  -1.519   2.871 ;Mean Elev.(m), Avg Gradient(m/km), RMS Gradient(m/km) - GMTED2010 
   1 299.323154 -32.832473     4.926     4.902 13 54660.05893660 22.579
   2 299.320813 -32.831827     6.602     6.486 13 54669.97458140 40.593
   3 299.319549 -32.832823     6.256     6.403 12 54679.89022502 43.424
   4 299.320124 -32.832862     7.781     6.337 12 54689.80586775 38.263
   5 299.323165 -32.832738     6.594     6.544 13 54699.72150871 37.832
   6 299.324128 -32.830792     6.908     6.911 13 54709.63715331 42.697
   7 299.323099 -32.832119     6.636     6.619 12 54719.55280515 41.993
   8 299.320619 -32.832862     6.703     6.543 12 54729.46845409 42.152
   9 299.317665 -32.833225     8.449     6.743 12 54739.38410126 37.316
  10 299.316741 -32.834913     6.266     6.309 13 54749.29974859 35.915
  11 299.315554 -32.833952     7.869     6.395 13 54759.21539502 33.355
  12 299.317193 -32.834632     6.492     6.434 13 54769.13103968 33.913
  13 299.318832 -32.833228     6.986     6.943 13 54779.04668059 43.081
  14 299.321014 -32.833262     7.403     7.222 13 54788.96231947 50.630
  15 299.321288 -32.832061     7.474     7.341 13 54798.87795722 48.847
  17 299.323902 -32.831487     6.453     6.391 12 54818.70923364 41.502
  18 299.321996 -32.832077     6.718     6.735 12 54828.62488610 37.837
  19 299.319338 -32.833637     9.733     6.670 13 54838.54052583 36.199
  20 299.315033 -32.834180     5.991     6.166 13 54848.45617539 33.531
  21 299.313131 -32.836814    12.574     6.282 14 54858.37182484 27.226
  22 299.311610 -32.836630    17.850    18.853 14 54868.28747362 29.557
  23 299.312108 -32.835696     5.689     5.780 14 54878.20312144 40.284
  24 299.314331 -32.834762     6.093     6.418 13 54888.11876620 31.221
  25 299.315642 -32.834993     6.574     6.624 13 54898.03440767 35.256
  26 299.314887 -32.835094     6.226     6.266 13 54907.95004651 34.435
  27 299.314430 -32.835041     6.291     6.389 13 54917.86568423 30.090
  28 299.316068 -32.835217     6.347     6.447 13 54927.78132228 32.097
  29 299.318888 -32.833407    10.751     7.039 13 54937.69695947 30.828
  30 299.323122 -32.832553     6.093     6.126 13 54947.61259523 36.292
  31 299.326501 -32.831621     6.124     5.994 13 54957.52823047 45.498
  32 299.323610 -32.830948     7.233     6.054 13 54967.44387868 35.451
  33 299.321702 -32.832701    11.073     6.184 13 54977.35952613 30.829
  34 299.319315 -32.832299    10.520     6.027 13 54987.27517290 28.702
  35 299.319488 -32.833572     5.770     5.739 13 54997.19082028 29.480
  36 299.318600 -32.832387     5.168     5.166 13 55007.10646527 33.702
  37 299.318470 -32.833401     5.621     5.632 13 55017.02210859 30.484
  38 299.317061 -32.833667     5.108     5.279 12 55026.93775038 33.639
  39 299.316557 -32.835172     6.386     6.410 13 55036.85339223 34.941
  40 299.316762 -32.832822     6.542     6.473 13 55046.76903270 38.221
  41 299.320960 -32.832072     6.676     6.631 12 55056.68467211 43.075
  42 299.325451 -32.831409     6.958     6.872 13 55066.60030936 50.331
  43 299.323647 -32.831770     6.769     6.783 12 55076.51595947 42.365
  44 299.319893 -32.832906     6.880     6.732 12 55086.43160724 46.218
  45 299.316089 -32.833072     6.774     6.716 13 55096.34725306 38.880
  46 299.315561 -32.833984     6.860     6.869 13 55106.26289880 40.631
  47 299.317394 -32.834662     7.324     7.311 13 55116.17854423 46.283
  48 299.318682 -32.832539     7.242     7.220 13 55126.09418670 51.233
  49 299.320291 -32.832514     7.492     7.465 12 55136.00982720 50.033
  50 299.320964 -32.833072     7.755     7.711 13 55145.92546589 54.015
  51 299.320558 -32.832912     8.228     8.243 13 55155.84110393 51.624
  52 299.320527 -32.831960     8.397     8.379 13 55165.75674227 54.499
  53 299.322714 -32.832561     8.583     8.567 13 55175.67238099 53.070
  54 299.323695 -32.831392     8.724     8.723 12 55185.58802287 49.319
  55 299.320418 -32.831705     8.974     8.943 13 55195.50367447 48.386
  56 299.316677 -32.833638     8.967     8.971 13 55205.41932486 47.821
  57 299.314491 -32.836274     9.096     9.090 14 55215.33497470 46.399
  58 299.313397 -32.836599     9.029     9.040 14 55225.25062338 45.802
  59 299.314117 -32.835179     9.270     9.258 14 55235.16626972 46.747
  60 299.316599 -32.833849     9.453     9.398 13 55245.08191278 43.830
  61 299.317493 -32.833438     9.483     9.489 12 55254.99755303 47.092
  62 299.316579 -32.834626     9.279     9.265 13 55264.91319198 44.217
  63 299.314911 -32.834083     9.021     8.985 13 55274.82882981 45.786
  64 299.316931 -32.834463     8.719     8.702 13 55284.74446764 43.655
  65 299.320494 -32.831872     8.513     8.511 13 55294.66010340 47.424
  66 299.324338 -32.831662     8.380     8.376 12 55304.57574232 47.533
  67 299.323309 -32.832369     8.324     8.306 13 55314.49138994 50.105
  68 299.320826 -32.832750     8.209     8.129 12 55324.40703525 48.786
  69 299.318216 -32.832361     8.335     8.305 13 55334.32267883 46.245
  70 299.317112 -32.832476     8.322     8.317 13 55344.23832215 46.215
  71 299.317784 -32.832619     8.297     8.272 13 55354.15396489 46.777
  72 299.319160 -32.832871     7.974     7.952 12 55364.06960556 42.661
  73 299.319917 -32.832538     7.643     7.638 12 55373.98524437 43.174
  74 299.320688 -32.832793     7.340     7.367 12 55383.90088225 44.331
  75 299.321538 -32.832697     6.972     6.933 13 55393.81651944 40.356
  76 299.323495 -32.831561     6.755     6.741 13 55403.73215657 34.967
  77 299.322994 -32.832170     6.924     6.833 12 55413.64780842 43.004
  78 299.322075 -32.831198     6.898     6.868 13 55423.56345715 40.670
  79 299.322135 -32.832787     6.790     6.789 13 55433.47910379 42.956
  80 299.319352 -32.832870     7.134     7.098 12 55443.39474801 38.487
  81 299.317041 -32.833036     8.635     6.988 13 55453.31039076 37.708
  82 299.317166 -32.833329     8.665     7.159 12 55463.22603279 36.266
  83 299.320414 -32.833384     6.676     6.608 13 55473.14167288 43.796
  84 299.323231 -32.831183     9.849     6.747 13 55483.05730968 38.048
  85 299.325759 -32.830809     6.458     6.372 12 55492.97294475 38.815
  86 299.327007 -32.831183     6.263     6.245 13 55502.88857868 39.646
  87 299.324225 -32.832450     6.357     6.342 13 55512.80422551 38.043
  88 299.321093 -32.832774     8.217     6.420 13 55522.71987540 40.293
  89 299.318797 -32.832140    11.666     6.674 13 55532.63552381 35.149
  90 299.318869 -32.834029     9.978     6.339 13 55542.55117130 37.199
  91 299.317029 -32.832672     6.628     6.642 13 55552.46681591 35.444
  92 299.315806 -32.833398     6.974     6.976 13 55562.38245950 34.024
  93 299.316778 -32.835227     6.826     6.784 13 55572.29810259 33.055
  94 299.317673 -32.833664     8.442     7.062 13 55582.21374356 35.328
  95 299.320604 -32.832672     6.873     6.702 12 55592.12938149 38.593
  96 299.324018 -32.831273     7.359     7.307 12 55602.04501597 46.392
  97 299.326935 -32.831142     7.320     7.247 13 55611.96064867 42.502
  98 299.327709 -32.830585     7.689     7.639 13 55621.87628259 43.908
  99 299.323405 -32.832026     7.806     7.788 12 55631.79193571 46.666
 100 299.321137 -32.832182     7.871     7.826 13 55641.70758671 49.147
 101 299.321180 -32.832386     8.118     8.096 13 55651.62323516 50.683
 102 299.321775 -32.832345     8.241     8.215 13 55661.53887969 50.624
 103 299.321231 -32.832396     8.521     8.573 12 55671.45452074 50.580
 104 299.320063 -32.831811     8.582     8.564 13 55681.37015973 51.092
 105 299.321112 -32.832445     8.514     8.488 12 55691.28579713 52.828
 106 299.322986 -32.831794     8.380     8.356 13 55701.20143252 48.583
 107 299.324211 -32.831832     7.889     7.884 13 55711.11707299 46.330
 108 299.321804 -32.831939     7.342     7.349 12 55721.03272197 44.732
 109 299.319510 -32.832476     7.076     7.085 13 55730.94836902 43.856
 110 299.318575 -32.833309     7.200     7.167 13 55740.86401515 41.268
 111 299.317892 -32.832596     6.966     7.004 13 55750.77965998 39.919
 112 299.319573 -32.832880     7.102     6.996 13 55760.69530304 42.498
 113 299.321056 -32.831621     6.990     6.891 13 55770.61094296 42.367
 114 299.323560 -32.832096     7.238     7.277 13 55780.52658002 46.473
 115 299.325194 -32.831164     7.455     7.360 12 55790.44221395 48.617
 116 299.327509 -32.830998     7.772     7.675 13 55800.35784676 47.952
 117 299.324874 -32.830560     7.872     7.885 13 55810.27349441 49.369
 118 299.323915 -32.830941     7.844     7.804 13 55820.18914280 49.688
 119 299.325263 -32.831365     7.847     7.849 13 55830.10478678 51.194
 120 299.326878 -32.831168     7.496     7.511 12 55840.02042613 48.424
 121 299.327590 -32.831303     7.391     7.364 13 55849.93606262 46.897
 122 299.327730 -32.831173     7.407     7.319 13 55859.85169731 42.549
 123 299.324132 -32.831801     7.531     7.479 12 55869.76734773 48.218
 133 299.320467 -32.832923     8.331     6.771 12 55968.92379247 37.930
 134 299.320613 -32.831611    11.013     6.742 13 55978.83942908 30.891
 135 299.323866 -32.832042     6.505     6.517 13 55988.75506577 36.062
 136 299.325326 -32.831049     6.447     6.501 13 55998.67070768 32.755
 137 299.324013 -32.831872     6.572     6.601 12 56008.58635929 31.519
 138 299.322229 -32.832647     6.632     6.507 13 56018.50200662 39.627
 139 299.319430 -32.833145     6.295     6.366 12 56028.41765057 35.493
 141 299.318481 -32.833526     6.459     6.480 13 56048.24893250 33.545
 142 299.321020 -32.832961     6.498     6.510 13 56058.16456957 41.235
 143 299.324801 -32.830909     6.820     6.772 12 56068.08020204 46.787
 144 299.322476 -32.832180     6.703     6.695 12 56077.99585213 41.917
 145 299.319732 -32.833820     6.650     6.511 13 56087.91150037 40.491
 146 299.317855 -32.833650     6.695     6.684 13 56097.82714602 38.527
 147 299.318274 -32.832525     7.021     6.937 13 56107.74278970 45.462
 148 299.320864 -32.831524     7.425     7.392 13 56117.65841927 51.115
 149 299.324330 -32.831100     7.537     7.449 12 56127.57405700 47.872
 150 299.326383 -32.830521     7.288     7.290 13 56137.48969087 43.293
 151 299.323902 -32.831577     7.128     7.121 12 56147.40533637 48.095
 152 299.321171 -32.832274     7.382     7.299 13 56157.32098515 50.127
 153 299.320405 -32.832312     7.075     7.007 13 56167.23663290 48.450
 154 299.321684 -32.832252     7.187     7.184 12 56177.15227819 45.817
 155 299.323285 -32.831352     6.771     6.780 13 56187.06791857 39.974
 156 299.324610 -32.831722     6.609     6.612 12 56196.98355556 40.481
 157 299.324715 -32.831621     6.916     6.835 13 56206.89918966 45.316
 158 299.325309 -32.831418     6.781     6.793 13 56216.81482256 44.244
 159 299.324909 -32.830888     6.990     6.916 12 56226.73046453 46.073
 160 299.323534 -32.831994     6.869     6.837 13 56236.64612002 41.576
 161 299.322144 -32.832244     6.824     6.817 13 56246.56177155 43.275
 162 299.320694 -32.832527     7.060     6.952 12 56256.47741804 38.902
 163 299.319352 -32.833173     6.593     6.750 12 56266.39306075 40.872
 164 299.318278 -32.832450    11.399     7.106 13 56276.30870138 34.837
 165 299.319000 -32.833882     7.258     7.133 13 56286.22434854 40.589
 166 299.319591 -32.833208     6.876     6.743 13 56296.13999848 39.261
 167 299.320307 -32.832807     6.763     6.647 13 56306.05564436 35.920
 168 299.319586 -32.832650     6.711     6.590 13 56315.97128701 38.788
 169 299.318085 -32.833206     9.989     6.650 12 56325.88692820 30.099
 170 299.317880 -32.833006    11.280     6.704 13 56335.80256861 32.374
 171 299.320667 -32.833211    11.148     6.639 13 56345.71820829 37.003
 172 299.323997 -32.831508     6.601     6.561 13 56355.63384527 40.020
 173 299.323768 -32.832069     6.902     6.904 12 56365.54949221 42.459
 174 299.320334 -32.832300     7.209     7.127 12 56375.46514118 47.497
 176 299.315549 -32.835021     7.149     7.057 14 56395.29643078 39.464
 177 299.316188 -32.834448     7.202     7.164 13 56405.21207199 44.262
 178 299.318731 -32.833031     7.721     7.607 12 56415.12770990 48.796
 179 299.322984 -32.831046     7.624     7.579 13 56425.04334296 49.664
 180 299.322496 -32.832429     7.329     7.366 12 56434.95899013 45.994
 181 299.318538 -32.833587     7.285     7.288 13 56444.87464164 47.909
 182 299.315477 -32.833784     7.251     7.186 13 56454.79029072 40.157
 183 299.315511 -32.834302     7.382     7.326 14 56464.70593745 43.498
 184 299.317962 -32.834272     7.358     7.286 13 56474.62158071 48.978
 185 299.320849 -32.833072     7.871     7.816 13 56484.53722041 52.000
 187 299.323089 -32.831072     8.698     8.724 13 56504.36849080 53.580
 188 299.325584 -32.830517     8.380     8.228 13 56514.28412335 50.526
 189 299.324432 -32.831200     8.121     8.149 13 56524.19977421 51.913
 190 299.323868 -32.831667     7.448     7.450 12 56534.11542513 47.319
 192 299.321310 -32.832237     6.873     6.877 12 56553.94671626 45.194
 193 299.319262 -32.832612     6.975     6.899 13 56563.86235876 40.998
 194 299.318598 -32.833303     6.956     6.806 12 56573.77800043 38.763
 195 299.319766 -32.832445     8.029     6.764 13 56583.69363977 42.265
 196 299.324210 -32.831477     6.568     6.541 12 56593.60927488 43.001
 197 299.322184 -32.831919     6.978     6.952 13 56603.52492828 42.973
 198 299.320380 -32.832875     7.118     7.104 12 56613.44057763 46.031
 199 299.319198 -32.833473     7.290     7.241 13 56623.35622268 43.411
 200 299.318735 -32.833089     6.980     6.911 12 56633.27186459 42.110
 201 299.321620 -32.832934     6.703     6.711 13 56643.18750200 42.299
 202 299.320873 -32.832332     8.451     6.807 12 56653.10315292 37.517
 203 299.320586 -32.832803     6.581     6.616 13 56663.01880220 40.521
 204 299.319409 -32.832744     6.363     6.425 13 56672.93444872 38.543
 205 299.317712 -32.833158    11.478    13.020 12 56682.85009407 33.950
 206 299.317854 -32.833833     7.158     7.015 13 56692.76573770 39.988
 207 299.320037 -32.833271     7.433     7.333 13 56702.68137725 44.454
 208 299.323384 -32.831585     6.996     6.942 13 56712.59701156 41.110
 209 299.321816 -32.832570     6.750     6.744 13 56722.51265923 41.327
 210 299.317665 -32.833473     6.823     6.819 13 56732.42831060 39.208
 211 299.315027 -32.835027    11.273     6.954 14 56742.34395834 32.551
 212 299.314465 -32.834768     7.012     7.049 13 56752.25960131 36.723
 213 299.317611 -32.834475     7.642     7.549 13 56762.17523913 48.917
 214 299.321988 -32.831903     7.727     7.766 13 56772.09086970 52.450
 215 299.318813 -32.833312     7.591     7.537 13 56782.00652624 49.213
 216 299.315645 -32.834602     7.636     7.596 14 56791.92218016 49.990
 217 299.313604 -32.837058     8.011     7.945 14 56801.83783165 47.755
 218 299.312667 -32.834995     7.933     7.838 14 56811.75347515 46.280
 219 299.315143 -32.835126     7.936     7.836 13 56821.66911535 49.751
 220 299.318556 -32.833684     8.179     8.148 13 56831.58475112 50.693
 221 299.322228 -32.831431     8.276     8.234 13 56841.50038342 48.566
 222 299.324095 -32.831230     8.687     8.668 13 56851.41602088 52.732
 223 299.320798 -32.832785     8.740     8.735 12 56861.33167484 43.143
 224 299.317884 -32.832844     8.916     8.871 13 56871.24732774 52.770
 225 299.317174 -32.833585     8.733     8.631 12 56881.16297798 53.079
 226 299.317153 -32.834239     8.605     8.521 13 56891.07862462 51.300
 227 299.315567 -32.833243     8.253     8.258 13 56900.99426784 47.999
 228 299.314827 -32.835634     7.949     7.868 14 56910.90991000 48.489
 229 299.314151 -32.834719     7.658     7.615 14 56920.82555024 43.978
 230 299.316334 -32.834190     7.463     7.446 14 56930.74118893 41.401
 231 299.320351 -32.832381     7.640     7.553 12 56940.65682279 47.147
 232 299.323084 -32.832057     7.861     7.859 13 56950.57246266 50.408
 233 299.319943 -32.832117     7.967     7.968 13 56960.48811468 48.122
 234 299.317472 -32.832431     7.699     7.643 13 56970.40376164 46.458
 235 299.317824 -32.833121     7.402     7.397 13 56980.31940482 44.853
 236 299.320503 -32.832947     7.228     7.108 13 56990.23504341 46.028
 237 299.325415 -32.831273     7.143     7.088 13 57000.15067550 51.098
 238 299.323075 -32.831532     7.219     7.241 12 57010.06632986 45.322
 239 299.320543 -32.831740     7.296     7.264 13 57019.98198185 44.894
 240 299.318376 -32.832432     7.751     7.735 13 57029.89763124 44.445
 241 299.317842 -32.834269     8.174     8.226 13 57039.81327951 48.305
 242 299.317283 -32.833286     8.261     8.230 12 57049.72892515 46.526
 243 299.319120 -32.832719     8.240     8.151 13 57059.64456712 46.137
 244 299.321801 -32.832615     7.831     7.827 13 57069.56020354 45.711
 245 299.323190 -32.831605     7.575     7.528 12 57079.47583534 43.266
 246 299.323021 -32.832428     7.894     7.854 13 57089.39147350 51.942
 247 299.317705 -32.833629     7.753     7.720 13 57099.30713138 45.470
 248 299.315562 -32.834403     7.629     7.629 13 57109.22278620 41.013
 249 299.317014 -32.834962     7.413     7.412 13 57119.13843580 39.145
 250 299.317844 -32.833804     6.956     6.887 13 57129.05407896 41.082
