# NaN NaN NaN ;Mean Elev.(m), Avg Gradient(m/km), RMS Gradient(m/km) - SRTM1     
# NaN NaN NaN ;Mean Elev.(m), Avg Gradient(m/km), RMS Gradient(m/km) - ASTER GDEM
#   30.505  -0.026   1.480 ;Mean Elev.(m), Avg Gradient(m/km), RMS Gradient(m/km) - GMTED2010 
   1 300.375948 -29.520997    28.905    28.951  5 54663.02500957 44.242
   2 300.374123 -29.522275    28.633    28.664  5 54672.94065402 37.908
   3 300.373028 -29.523821    23.733    23.774  4 54682.85629737 18.134
   4 300.373795 -29.523128    29.620    29.450  4 54692.77193946 52.390
   5 300.376400 -29.520473    25.266    25.200  5 54702.68757907 22.220
   6 300.376936 -29.519250    28.987    28.928  5 54712.60322787 27.498
   7 300.376392 -29.521242    25.260    25.781  5 54722.51887942 41.586
   8 300.373594 -29.523537    28.505    28.479  5 54732.43452825 46.670
   9 300.370720 -29.526099    28.772    28.765  4 54742.35017541 26.914
  10 300.378188 -29.543652    29.019    29.021 10 54752.26582605 35.757
  11 300.372665 -29.531175    28.782    28.774  7 54762.18146920 33.773
  12 300.371953 -29.524901    29.803    29.830  5 54772.09711153 47.539
  13 300.373469 -29.523772    29.880    29.875  5 54782.01275214 32.336
  14 300.374132 -29.522606    29.993    29.978  4 54791.92839039 44.783
  17 300.376043 -29.521029    28.504    28.375  5 54821.67530780 20.787
  18 300.374693 -29.522273    27.981    27.869  5 54831.59096080 53.021
  19 300.372208 -29.523872    27.677    27.668  4 54841.50660031 22.114
  20 300.377211 -29.542080    28.294    28.246 11 54851.42225388 35.403
  21 300.374221 -29.543055    28.153    28.125 12 54861.33790271 33.462
  22 300.373611 -29.544594    28.315    28.296 11 54871.25355164 33.139
  23 300.373941 -29.542080    28.492    28.498 12 54881.16919813 42.245
  24 300.377484 -29.542760    28.782    28.732 11 54891.08484215 47.330
  25 300.372136 -29.529718    29.023    29.061  6 54901.00047967 34.983
  26 300.378717 -29.544635    28.353    28.386 10 54910.91612211 32.833
  27 300.375948 -29.541547    28.527    28.530 13 54920.83175914 50.353
  28 300.376180 -29.538900    28.351    28.363  8 54930.74739622 26.826
  29 300.372878 -29.523024    28.350    28.344  4 54940.66302912 21.089
  30 300.377091 -29.520394    28.606    28.554  5 54950.57866368 52.529
  31 300.378118 -29.518880    27.961    27.993  5 54960.49430365 24.945
  32 300.376146 -29.520961    28.003    27.970  5 54970.40995250 22.750
  33 300.373667 -29.521506    27.874    27.906  5 54980.32559953 20.967
  34 300.372673 -29.523010    28.761    28.601  5 54990.24124641 52.002
  35 300.372518 -29.524147    28.342    28.346  4 55000.15689305 23.382
  36 300.371944 -29.523881    28.721    28.792  5 55010.07253753 35.007
  37 300.372171 -29.524407    28.465    28.506  5 55019.98818065 20.093
  38 300.371821 -29.525492    29.371    29.334  4 55029.90382279 45.006
  39 300.371105 -29.525543    29.293    29.285  4 55039.81946425 44.912
  40 300.372501 -29.524966    29.124    29.178  4 55049.73510470 27.469
  41 300.374820 -29.521978    29.215    29.176  5 55059.65074275 26.793
  42 300.376462 -29.519435    29.105    29.128  6 55069.56638278 34.338
  43 300.375327 -29.520232    28.870    28.887  5 55079.48203259 28.421
  44 300.372923 -29.522677    29.402    29.410  5 55089.39768046 33.161
  45 300.371212 -29.526686    29.921    29.992  5 55099.31332727 42.312
  46 300.378794 -29.544351    29.875    29.829  9 55109.22897695 40.100
  47 300.370931 -29.525750    29.541    29.520  5 55119.14461669 32.826
  48 300.372959 -29.523916    30.087    30.049  4 55129.06025820 32.366
  49 300.373876 -29.522348    30.413    30.435  5 55138.97589770 37.938
  50 300.373739 -29.522041    30.385    30.387  5 55148.89153628 38.786
  51 300.373690 -29.521983    30.433    30.469  5 55158.80717484 36.953
  52 300.374395 -29.521510    30.349    30.309  5 55168.72281333 36.503
  53 300.375521 -29.519847    30.796    30.855  5 55178.63845082 39.019
  54 300.375429 -29.521001    30.562    30.574  5 55188.55409727 36.374
  55 300.372751 -29.523229    30.753    30.812  5 55198.46974883 36.232
  56 300.371358 -29.527962    30.763    30.802  5 55208.38539988 37.558
  57 300.374288 -29.538065    30.840    30.821 11 55218.30105162 56.370
  58 300.375178 -29.541061    30.902    30.896 13 55228.21670076 53.864
  59 300.375884 -29.540338    30.834    30.754 12 55238.13234607 41.371
  60 300.371430 -29.528118    30.699    30.748  5 55248.04798497 38.163
  61 300.371349 -29.526999    30.503    30.484  5 55257.96362413 36.395
  62 300.370982 -29.526927    30.206    30.094  5 55267.87926283 36.785
  63 300.371687 -29.528580    30.236    30.217  5 55277.79490176 39.171
  64 300.372024 -29.525025    30.558    30.581  4 55287.71053853 51.018
  65 300.374559 -29.521202    30.252    30.290  5 55297.62617312 37.119
  66 300.375655 -29.519657    30.239    30.281  5 55307.54181518 35.818
  67 300.375311 -29.522123    30.581    30.563  5 55317.45746230 53.231
  68 300.373306 -29.522863    30.390    30.367  4 55327.37310749 34.439
  69 300.372372 -29.524263    30.028    30.098  5 55337.28875175 34.892
  70 300.372249 -29.524611    30.045    30.006  5 55347.20439522 35.999
  71 300.372763 -29.524549    29.720    29.650  4 55357.12003706 29.994
  72 300.372829 -29.523858    29.545    29.478  5 55367.03567664 35.780
  73 300.373045 -29.522968    29.335    29.412  5 55376.95131481 51.314
  74 300.374397 -29.523182    29.316    29.247  5 55386.86695262 29.436
  75 300.375227 -29.520752    29.027    28.939  5 55396.78258918 30.424
  76 300.376674 -29.519706    29.522    29.495  5 55406.69823140 42.568
  77 300.375344 -29.519887    29.007    29.056  5 55416.61388256 33.082
  78 300.374241 -29.520879    28.911    28.880  5 55426.52953065 31.319
  79 300.373810 -29.523474    28.727    28.708  5 55436.44517629 52.849
  80 300.372178 -29.523850    28.954    28.950  4 55446.36081991 46.459
  81 300.372140 -29.525629    28.999    28.915  5 55456.27646318 29.632
  82 300.372133 -29.524148    28.875    28.760  4 55466.19210501 28.270
  83 300.374241 -29.522473    28.680    28.695  4 55476.10774388 27.732
  84 300.376096 -29.519413    29.003    29.017  5 55486.02337931 28.247
  85 300.377557 -29.518093    29.014    29.038  6 55495.93901308 43.635
  86 300.377885 -29.517812    28.740    28.744  6 55505.85464793 30.552
  87 300.375718 -29.521076    28.577    28.594  6 55515.77029932 25.664
  88 300.373760 -29.521283    28.480    28.372  5 55525.68594939 41.240
  89 300.373249 -29.523242    28.324    28.328  4 55535.60159800 28.226
  90 300.372192 -29.524509    29.935    29.818  5 55545.51724440 51.866
  91 300.370954 -29.526289    29.702    29.704  5 55555.43288891 34.113
  92 300.376127 -29.538788    29.240    29.226  8 55565.34853501 34.196
  93 300.371132 -29.526102    29.334    29.181  5 55575.26417435 51.172
  94 300.373119 -29.523726    29.623    29.508  4 55585.17981455 51.173
  95 300.375657 -29.521609    29.724    29.723  5 55595.09545145 36.562
  96 300.377082 -29.519646    29.978    30.003  6 55605.01108496 50.440
  97 300.378089 -29.518573    30.257    30.246  6 55614.92671673 35.321
  98 300.377946 -29.519202    30.711    30.730  6 55624.84235681 53.240
  99 300.376112 -29.521579    30.578    30.590  5 55634.75800992 49.090
 100 300.374988 -29.521773    30.421    30.423  5 55644.67366053 34.942
 101 300.374535 -29.521633    30.682    30.673  5 55654.58930836 36.393
 102 300.374929 -29.522900    30.836    30.837  5 55664.50495196 44.705
 103 300.373425 -29.521798    30.377    30.384  5 55674.42059169 36.198
 104 300.373176 -29.522387    30.582    30.570  5 55684.33622995 51.752
 105 300.374129 -29.521477    29.950    29.936  5 55694.25186652 49.464
 106 300.376533 -29.519664    29.468    29.498  5 55704.16750152 31.217
 107 300.376608 -29.519422    29.365    29.383  5 55714.08314689 52.116
 108 300.374786 -29.521304    29.055    29.030  5 55723.99879553 44.331
 109 300.373001 -29.523912    29.235    29.226  4 55733.91444252 27.207
 110 300.371705 -29.525007    29.206    29.111  5 55743.83008818 28.107
 111 300.371698 -29.524377    29.389    29.399  5 55753.74573241 43.896
 112 300.373776 -29.522585    29.038    28.967  5 55763.66137441 28.711
 113 300.376175 -29.521261    29.595    29.593  5 55773.57701380 30.500
 114 300.377015 -29.519957    30.038    30.000  5 55783.49264969 34.065
 115 300.377228 -29.519066    29.857    29.880  5 55793.40828292 36.412
 116 300.378021 -29.518701    30.102    30.141  6 55803.32391824 38.567
 117 300.376971 -29.519886    30.255    30.272  6 55813.23956775 51.210
 118 300.377423 -29.519844    30.224    30.211  6 55823.15521523 53.663
 119 300.378055 -29.518118    29.529    29.470  5 55833.07085761 51.037
 120 300.378681 -29.517331    29.507    29.541  6 55842.98649598 33.759
 121 300.378771 -29.517434    29.812    29.833  6 55852.90213170 50.611
 122 300.379104 -29.518648    30.053    30.069  6 55862.81776758 42.215
 123 300.375101 -29.520047    29.737    29.837  5 55872.73342214 32.847
 133 300.373331 -29.521816    28.939    29.009  5 55971.88986293 44.354
 134 300.374197 -29.522171    28.626    28.591  4 55981.80549956 32.820
 135 300.376994 -29.520263    28.712    28.740  6 55991.72113461 23.129
 136 300.376974 -29.519042    28.720    28.730  6 56001.63678167 33.339
 137 300.375906 -29.519818    28.844    29.118  5 56011.55243233 27.030
 138 300.374082 -29.520982    28.808    28.803  5 56021.46807916 46.889
 139 300.372815 -29.524288    28.530    28.515  5 56031.38372321 23.893
 141 300.372317 -29.524317    29.723    29.678  5 56051.21500299 51.971
 142 300.375015 -29.522695    29.516    29.468  5 56061.13063869 37.728
 143 300.377105 -29.519629    29.210    29.212  5 56071.04627558 39.219
 144 300.375195 -29.521369    29.194    29.076  6 56080.96192582 47.205
 145 300.373318 -29.523907    29.228    29.224  4 56090.87757376 33.009
 146 300.372376 -29.525477    29.721    29.782  5 56100.79321936 31.455
 147 300.372480 -29.524407    30.124    30.058  4 56110.70885058 33.558
 148 300.374142 -29.521114    29.781    29.739  5 56120.62448986 36.019
 149 300.377199 -29.518450    29.518    29.542  6 56130.54012577 35.811
 150 300.379015 -29.516748    29.496    29.472  6 56140.45575927 55.899
 151 300.376163 -29.520697    29.262    29.246  6 56150.37141053 50.749
 152 300.373587 -29.522036    29.152    29.041  5 56160.28705923 45.281
 153 300.373258 -29.522208    28.917    28.733  5 56170.20270625 32.846
 154 300.374549 -29.520874    29.258    29.457  5 56180.11834927 31.391
 155 300.376172 -29.519979    28.626    28.610  6 56190.03398835 48.450
 156 300.376984 -29.519748    28.359    28.392  6 56199.94962466 43.031
 157 300.377126 -29.518676    29.155    29.194  6 56209.86525857 33.269
 158 300.378006 -29.517294    29.067    29.080  6 56219.78089093 29.053
 159 300.376636 -29.519016    29.204    29.224  5 56229.69654037 29.723
 160 300.375189 -29.520586    29.161    29.183  5 56239.61219452 27.191
 161 300.374021 -29.521805    28.564    28.505  5 56249.52784479 35.453
 162 300.373603 -29.522349    28.624    28.692  5 56259.44349010 47.497
 163 300.373297 -29.522848    29.704    29.740  4 56269.35913247 28.628
 164 300.373908 -29.523597    29.305    29.459  5 56279.27477307 26.182
 165 300.372343 -29.524034    29.455    29.478  5 56289.19042344 32.938
 166 300.372156 -29.523602    29.101    29.015  5 56299.10607177 51.051
 167 300.372575 -29.522896    29.810    29.817  5 56309.02171609 50.824
 168 300.373030 -29.523369    28.725    28.648  5 56318.93735839 41.696
 169 300.372350 -29.523802    29.129    29.107  4 56328.85299977 24.060
 170 300.372591 -29.523685    28.317    28.307  4 56338.76864040 36.255
 171 300.373848 -29.521065    29.106    29.116  5 56348.68427871 26.496
 172 300.376855 -29.519054    29.243    29.276  6 56358.59991437 29.858
 173 300.375665 -29.522209    29.667    29.680  5 56368.51556599 28.098
 175 300.370928 -29.526210    29.567    29.522  4 56388.34686009 49.457
 176 300.371761 -29.529057    29.774    29.771  6 56398.26250389 51.413
 177 300.371788 -29.526108    30.119    30.102  4 56408.17814381 48.634
 178 300.373485 -29.522813    29.978    29.933  4 56418.09377959 53.439
 179 300.376670 -29.519870    29.423    29.398  5 56428.00941087 30.611
 180 300.373648 -29.522044    29.756    29.813  5 56437.92506442 35.423
 181 300.371776 -29.525060    29.611    29.495  5 56447.84071589 47.004
 182 300.371138 -29.526643    29.537    29.573  4 56457.75636517 29.388
 183 300.371349 -29.526697    29.474    29.387  5 56467.67201114 31.512
 184 300.372046 -29.524897    30.685    30.761  5 56477.58765271 40.092
 185 300.373623 -29.523002    30.839    30.857  5 56487.50329062 36.755
 187 300.376602 -29.519330    30.511    30.449  5 56507.33455934 53.449
 188 300.378249 -29.517329    29.667    29.568  6 56517.25019514 34.392
 189 300.377045 -29.519605    29.489    29.516  6 56527.16584923 34.959
 190 300.376242 -29.520350    28.995    28.992  6 56537.08149883 47.617
 192 300.373974 -29.523810    29.016    28.955  5 56556.91278821 31.609
 193 300.372664 -29.523801    28.903    28.881  5 56566.82843064 32.004
 194 300.372942 -29.523449    29.090    29.167  5 56576.74407209 32.120
 195 300.374784 -29.521095    28.897    28.841  5 56586.65971013 29.929
 196 300.376780 -29.519959    29.467    29.521  5 56596.57535003 34.149
 197 300.374608 -29.522437    29.809    29.832  5 56606.49100294 31.175
 198 300.373072 -29.524451    29.459    29.313  5 56616.40665079 28.192
 199 300.372281 -29.523837    29.244    29.150  5 56626.32229453 42.182
 200 300.373115 -29.522616    29.424    29.589  5 56636.23793531 26.574
 201 300.375416 -29.521256    29.024    28.962  5 56646.15357528 42.676
 202 300.373776 -29.521891    29.163    29.070  5 56656.06922756 52.151
 203 300.372858 -29.523033    29.088    29.240  5 56665.98487570 50.939
 205 300.371995 -29.525575    29.091    29.155  5 56685.81616651 25.263
 206 300.372431 -29.524565    29.305    29.286  5 56695.73180928 34.211
 207 300.374519 -29.522094    29.217    29.242  5 56705.64744743 36.590
 208 300.377529 -29.519878    29.219    29.250  6 56715.56308019 30.043
 209 300.373815 -29.522958    29.039    28.910  4 56725.47873438 25.135
 211 300.375340 -29.541011    29.591    29.563 13 56745.31003431 45.915
 212 300.378726 -29.544278    29.569    29.562  9 56755.22567700 36.035
 213 300.373133 -29.523548    29.730    29.697  5 56765.14130835 30.419
 214 300.375189 -29.521243    29.484    29.470  6 56775.05694566 31.591
 215 300.372240 -29.525465    30.395    30.384  5 56784.97260252 44.256
 216 300.375031 -29.540588    30.027    30.061 12 56794.88825863 36.541
 217 300.374089 -29.543794    29.818    29.809 11 56804.80390841 33.264
 219 300.371040 -29.525753    30.370    30.329  4 56824.63518596 33.792
 220 300.373434 -29.522533    30.653    30.647  5 56834.55082064 35.933
 221 300.376073 -29.520704    30.945    30.976  5 56844.46645216 36.473
 222 300.375438 -29.521829    30.729    30.723  5 56854.38209646 35.702
 223 300.373014 -29.523623    30.886    30.889  4 56864.29774985 54.546
 224 300.372177 -29.525297    30.814    30.742  5 56874.21340257 47.078
 225 300.371848 -29.525764    30.076    30.038  4 56884.12905190 35.053
 226 300.371440 -29.525652    29.887    29.656  5 56894.04469789 31.794
 227 300.371824 -29.529449    29.574    29.636  7 56903.96034156 36.859
 228 300.375774 -29.541485    29.401    29.391 13 56913.87598546 33.253
 229 300.375183 -29.539988    29.162    29.157 13 56923.79162484 49.268
 230 300.371121 -29.525305    29.666    29.655  5 56933.70725901 30.199
 231 300.375614 -29.521655    30.175    30.212  5 56943.62289099 35.362
 232 300.375490 -29.519866    30.303    30.300  5 56953.53853784 50.586
 233 300.373703 -29.522846    29.472    29.408  4 56963.45418906 28.405
 234 300.371679 -29.524896    29.373    29.170  5 56973.36983506 28.894
 235 300.371713 -29.525308    29.466    29.435  4 56983.28547646 27.064
 236 300.373891 -29.521725    29.501    29.670  5 56993.20111232 33.059
 237 300.378155 -29.519130    29.409    29.495  6 57003.11674839 32.569
 238 300.375885 -29.520119    29.680    29.579  5 57013.03240495 34.456
 239 300.373784 -29.522253    29.730    29.642  5 57022.94805648 53.428
 240 300.372173 -29.525438    30.167    30.125  4 57032.86370591 31.251
 241 300.371367 -29.526362    29.886    29.817  4 57042.77935294 30.722
 242 300.372045 -29.525876    29.739    29.865  5 57052.69499766 28.838
 243 300.373464 -29.522887    29.568    29.573  4 57062.61063756 43.978
 244 300.375720 -29.521615    29.282    29.166  5 57072.52627262 27.147
 245 300.376718 -29.519344    29.545    29.637  6 57082.44190330 30.307
 246 300.374476 -29.521949    29.716    29.696  4 57092.35755024 42.959
 247 300.371227 -29.526759    29.404    29.399  5 57102.27320801 26.133
 248 300.378942 -29.544762    29.153    29.067 10 57112.18886558 51.328
 249 300.371258 -29.526049    29.041    29.042  4 57122.10450850 48.924
 250 300.372000 -29.523798    29.032    29.039  5 57132.02014980 37.107
