# NaN NaN NaN ;Mean Elev.(m), Avg Gradient(m/km), RMS Gradient(m/km) - SRTM1     
# NaN NaN NaN ;Mean Elev.(m), Avg Gradient(m/km), RMS Gradient(m/km) - ASTER GDEM
#    5.323  -1.392   2.951 ;Mean Elev.(m), Avg Gradient(m/km), RMS Gradient(m/km) - GMTED2010 
   1 299.334605 -32.852782     5.497     5.408  4 54660.05894161 22.719
   2 299.332937 -32.853331     6.033     6.059  5 54669.97458672 42.993
   3 299.331674 -32.854328     5.980     5.989  6 54679.89023034 40.628
   4 299.331574 -32.853173     6.192     6.203  5 54689.80587276 38.966
   5 299.334615 -32.853050     6.559     6.637  4 54699.72151373 38.373
   6 299.335579 -32.851104     6.815     6.813  4 54709.63715833 41.337
   7 299.333877 -32.851235     6.631     6.638  4 54719.55280987 45.306
   8 299.332072 -32.853172     6.215     6.086  5 54729.46845911 38.236
   9 299.329792 -32.854730     6.041     6.066  6 54739.38410657 39.432
  10 299.329541 -32.857612     5.966     5.846  6 54749.29975420 45.424
  11 299.329027 -32.857845     6.702     6.699  7 54759.21540093 44.739
  12 299.329993 -32.857329     6.622     6.553  6 54769.13104529 44.593
  13 299.330957 -32.854731     6.930     6.952  5 54779.04668590 45.304
  14 299.333139 -32.854763     7.195     7.199  5 54788.96232479 47.442
  15 299.333413 -32.853562     7.301     7.296  5 54798.87796253 42.404
  17 299.334679 -32.850600     5.902     5.860  4 54818.70923836 49.398
  18 299.333445 -32.852386     5.857     5.842  5 54828.62489112 37.305
  19 299.331462 -32.855140     5.456     5.483  5 54838.54053114 39.410
  20 299.328504 -32.858071     5.445     5.542  7 54848.45618130 37.938
  21 299.326602 -32.860705     5.778     5.780  6 54858.37183075 37.821
  22 299.325080 -32.860520     5.960     5.887  6 54868.28747952 36.197
  23 299.326251 -32.860780     5.938     5.872  7 54878.20312764 44.436
  24 299.327801 -32.858651     6.274     6.260  7 54888.11877211 44.167
  25 299.329113 -32.858881     6.676     6.696  7 54898.03441357 46.001
  26 299.328359 -32.858982     6.351     6.316  7 54907.95005241 47.915
  27 299.327902 -32.858930     6.108     6.086  7 54917.86569013 40.556
  28 299.329540 -32.859107     5.923     5.882  7 54927.78132818 46.357
  29 299.331012 -32.854909     6.050     6.059  5 54937.69696478 39.074
  30 299.334573 -32.852860     5.636     5.541  4 54947.61260025 42.385
  31 299.337278 -32.850734     5.463     5.479  3 54957.52823520 44.988
  32 299.335062 -32.851256     5.586     5.514  4 54967.44388370 34.035
  33 299.333153 -32.853008     5.595     5.608  4 54977.35953115 32.487
  34 299.331439 -32.853801     5.412     5.468  5 54987.27517822 33.565
  35 299.331613 -32.855074     5.726     5.703  5 54997.19082559 43.438
  36 299.331398 -32.855085     5.480     5.445  6 55007.10647088 45.683
  37 299.330594 -32.854904     5.709     5.632  5 55017.02211391 43.529
  38 299.329859 -32.856365     5.945     5.932  7 55026.93775599 44.801
  39 299.329355 -32.857871     6.537     6.495  6 55036.85339784 44.677
  40 299.329559 -32.855522     6.705     6.646  6 55046.76903830 42.680
  41 299.332411 -32.852383     6.617     6.627  5 55056.68467713 41.876
  42 299.336229 -32.850525     6.644     6.636  3 55066.60031408 52.628
  43 299.334426 -32.850886     6.614     6.595  4 55076.51596419 37.395
  44 299.332020 -32.854411     6.410     6.394  6 55086.43161256 46.482
  45 299.329563 -32.856966     6.752     6.731  7 55096.34725896 41.010
  46 299.329034 -32.857878     7.062     7.049  7 55106.26290470 50.322
  47 299.330194 -32.857360     7.209     7.209  6 55116.17854984 48.384
  48 299.331481 -32.855236     7.086     7.082  6 55126.09419231 50.463
  49 299.331743 -32.852821     7.362     7.372  5 55136.00983222 47.942
  50 299.333090 -32.854574     7.562     7.555  5 55145.92547120 49.811
  51 299.332683 -32.854415     8.106     8.126  5 55155.84110925 44.564
  52 299.332651 -32.853463     8.270     8.270  5 55165.75674758 45.748
  53 299.334164 -32.852870     8.474     8.484  4 55175.67238601 43.231
  54 299.334472 -32.850506     8.375     8.455  4 55185.58802759 40.773
  55 299.332541 -32.853208     8.740     8.718  5 55195.50367978 40.595
  56 299.329474 -32.856335     8.859     8.884  6 55205.41933047 49.974
  57 299.327962 -32.860164     8.950     8.910  6 55215.33498060 42.693
  58 299.326867 -32.860489     8.876     8.838  6 55225.25062928 42.736
  59 299.327586 -32.859069     9.250     9.247  6 55235.16627562 50.641
  60 299.330070 -32.857738     9.283     9.299  7 55245.08191869 40.762
  61 299.329617 -32.854938     9.311     9.245  6 55254.99755834 48.013
  62 299.329378 -32.857320     9.135     9.144  6 55264.91319759 43.870
  63 299.328382 -32.857973     8.905     8.902  7 55274.82883572 44.254
  64 299.329728 -32.857159     8.521     8.518  6 55284.74447325 42.205
  65 299.332617 -32.853374     8.300     8.287  5 55294.66010872 38.643
  66 299.335115 -32.850775     8.209     8.222  4 55304.57574704 43.057
  67 299.334762 -32.852676     8.308     8.303  4 55314.49139496 52.270
  68 299.332278 -32.853058     8.185     8.273  5 55324.40704027 35.540
  69 299.331015 -32.855059     8.130     8.118  6 55334.32268443 37.002
  70 299.329909 -32.855173     8.270     8.255  6 55344.23832776 48.081
  71 299.330581 -32.855317     8.204     8.202  6 55354.15397050 51.219
  72 299.331285 -32.854374     7.838     7.844  6 55364.06961087 41.128
  73 299.332042 -32.854041     7.650     7.662  6 55373.98524968 42.305
  74 299.332138 -32.853103     7.086     7.068  5 55383.90088727 46.094
  75 299.332988 -32.853007     6.668     6.666  4 55393.81652446 41.969
  76 299.334945 -32.851872     6.466     6.448  4 55403.73216159 39.318
  77 299.333772 -32.851286     6.904     6.896  4 55413.64781315 36.947
  78 299.334201 -32.852703     6.729     6.723  5 55423.56346247 33.287
  79 299.333589 -32.853098     6.575     6.487  4 55433.47910880 45.173
  80 299.331480 -32.854375     6.437     6.374  6 55443.39475333 35.695
  81 299.329841 -32.855735     6.228     6.320  6 55453.31039636 37.649
  82 299.329965 -32.856028     6.077     6.071  7 55463.22603840 41.710
  83 299.332539 -32.854888     5.874     5.848  5 55473.14167820 44.386
  84 299.334683 -32.851492     6.042     6.038  4 55483.05731469 41.078
  85 299.336537 -32.849922     6.358     6.303  4 55492.97294948 39.986
  86 299.337785 -32.850296     6.101     6.074  3 55502.88858340 42.889
  87 299.335002 -32.851564     6.231     6.210  3 55512.80423023 40.309
  88 299.333217 -32.854278     5.972     6.027  5 55522.71988071 38.499
  89 299.331594 -32.854839     5.817     5.789  6 55532.63552941 36.891
  90 299.330994 -32.855532     5.825     5.846  5 55542.55117661 35.694
  91 299.329827 -32.855369     6.901     6.904  6 55552.46682152 49.153
  92 299.329278 -32.857290     7.298     7.233  7 55562.38246540 43.830
  93 299.329574 -32.857924     6.853     6.827  6 55572.29810820 42.015
  94 299.330469 -32.856360     6.641     6.674  6 55582.21374916 44.380
  95 299.332053 -32.852978     6.735     6.698  5 55592.12938651 45.234
  96 299.334794 -32.850384     7.284     7.292  4 55602.04502069 42.951
  97 299.337711 -32.850252     7.146     7.143  3 55611.96065339 38.114
  98 299.337811 -32.848501     7.598     7.598  2 55621.87628701 45.520
  99 299.334182 -32.851138     7.734     7.729  4 55631.79194043 44.696
 100 299.333260 -32.853684     7.799     7.860  5 55641.70759202 46.139
 101 299.333303 -32.853888     8.087     8.110  5 55651.62324047 47.294
 102 299.333226 -32.852652     8.194     8.241  4 55661.53888471 46.451
 103 299.332683 -32.852703     8.384     8.485  5 55671.45452576 46.460
 104 299.332188 -32.853313     8.540     8.570  5 55681.37016504 45.996
 105 299.332562 -32.852753     8.641     8.651  5 55691.28580215 52.981
 106 299.334435 -32.852102     8.275     8.346  4 55701.20143754 48.448
 107 299.335659 -32.852140     7.953     7.952  4 55711.11707801 47.909
 108 299.333253 -32.852247     7.421     7.417  5 55721.03272699 50.861
 109 299.331633 -32.853978     6.954     6.981  5 55730.94837433 42.734
 110 299.330699 -32.854813     6.573     6.564  5 55740.86402046 45.903
 111 299.330691 -32.855295     6.520     6.496  6 55750.77966559 44.663
 112 299.331698 -32.854385     6.861     6.859  5 55760.69530835 47.635
 113 299.333181 -32.853126     6.892     6.905  5 55770.61094827 44.352
 114 299.335013 -32.852406     7.032     7.083  4 55780.52658503 49.193
 115 299.335973 -32.850279     7.361     7.354  4 55790.44221868 49.034
 116 299.337614 -32.848918     7.540     7.540  2 55800.35785119 50.474
 117 299.336325 -32.850870     7.879     7.882  4 55810.27349943 52.545
 118 299.335366 -32.851250     7.714     7.689  4 55820.18914782 47.384
 119 299.336040 -32.850480     7.890     7.890  3 55830.10479150 54.851
 120 299.336981 -32.849087     7.331     7.332  3 55840.02043056 52.597
 121 299.337694 -32.849221     7.147     7.147  2 55849.93606705 49.040
 122 299.337833 -32.849092     7.140     7.140  2 55859.85170174 42.013
 123 299.334909 -32.850915     7.507     7.500  4 55869.76735246 50.285
 133 299.331917 -32.853229     6.463     6.404  5 55968.92379748 44.343
 134 299.332736 -32.853111     6.267     6.276  5 55978.83943439 38.786
 135 299.335315 -32.852349     5.920     5.912  4 55988.75507078 39.844
 136 299.336102 -32.850162     6.222     6.266  3 55998.67071240 39.644
 137 299.334789 -32.850985     6.091     6.112  4 56008.58636401 36.569
 138 299.333681 -32.852955     6.099     6.112  4 56018.50201163 42.139
 139 299.331555 -32.854647     6.106     6.079  6 56028.41765589 43.394
 141 299.330604 -32.855027     6.430     6.412  5 56048.24893781 41.352
 142 299.333143 -32.854463     6.664     6.748  5 56058.16457489 48.689
 143 299.335577 -32.850022     6.610     6.603  4 56068.08020676 50.889
 144 299.333925 -32.852487     6.628     6.620  5 56077.99585715 49.272
 145 299.331855 -32.855323     6.466     6.531  5 56087.91150569 43.100
 146 299.330652 -32.856349     6.673     6.697  6 56097.82715162 47.831
 147 299.331072 -32.855224     6.951     6.995  6 56107.74279530 49.481
 148 299.332989 -32.853029     7.323     7.358  5 56117.65842459 52.322
 149 299.335109 -32.850215     7.537     7.531  4 56127.57406172 49.951
 150 299.337161 -32.849637     7.268     7.259  3 56137.48969559 45.924
 151 299.334680 -32.850692     7.095     7.032  4 56147.40534110 51.760
 152 299.333297 -32.853779     6.903     6.882  5 56157.32099047 49.250
 153 299.332530 -32.853817     6.649     6.645  5 56167.23663821 51.171
 154 299.333135 -32.852561     6.464     6.518  5 56177.15228321 47.775
 155 299.334737 -32.851661     6.059     6.061  4 56187.06792359 41.806
 156 299.335388 -32.850836     6.080     6.070  4 56196.98356028 45.097
 157 299.335493 -32.850735     6.288     6.274  3 56206.89919439 45.032
 158 299.336086 -32.850533     6.584     6.480  3 56216.81482728 41.736
 159 299.335685 -32.850004     6.727     6.718  4 56226.73046926 47.943
 160 299.334985 -32.852304     6.588     6.639  4 56236.64612504 44.274
 161 299.333595 -32.852555     6.758     6.794  4 56246.56177657 46.492
 162 299.332145 -32.852837     6.084     6.115  5 56256.47742305 38.722
 163 299.331476 -32.854677     5.747     5.742  6 56266.39306606 45.751
 164 299.331074 -32.855148     6.030     6.021  6 56276.30870698 39.804
 165 299.331123 -32.855384     6.797     6.786  5 56286.22435385 46.234
 166 299.331714 -32.854710     6.648     6.665  5 56296.14000380 48.063
 167 299.332432 -32.854307     6.416     6.408  5 56306.05564967 44.842
 168 299.331710 -32.854150     6.804     6.781  5 56315.97129232 46.982
 169 299.330209 -32.854707     6.432     6.476  6 56325.88693351 38.236
 170 299.330677 -32.855701     5.884     5.896  6 56335.80257422 37.588
 171 299.332790 -32.854713     5.749     5.710  5 56345.71821360 34.475
 172 299.335447 -32.851815     6.551     6.553  4 56355.63385029 46.668
 173 299.334545 -32.851181     6.886     6.886  4 56365.54949693 47.151
 174 299.331785 -32.852607     7.206     7.133  5 56375.46514620 49.974
 176 299.329020 -32.858911     7.212     7.223  6 56395.29643668 43.322
 177 299.329658 -32.858339     7.279     7.314  7 56405.21207789 46.354
 178 299.330853 -32.854532     7.457     7.362  6 56415.12771521 46.207
 179 299.334432 -32.851353     7.527     7.518  4 56425.04334798 46.012
 180 299.333946 -32.852737     7.196     7.225  5 56434.95899514 48.798
 181 299.330661 -32.855090     7.153     7.160  5 56444.87464695 47.382
 182 299.328948 -32.857676     7.264     7.278  7 56454.79029663 43.621
 183 299.329657 -32.859390     7.220     7.207  7 56464.70594365 47.353
 184 299.330762 -32.856970     7.280     7.280  6 56474.62158632 49.286
 185 299.332976 -32.854576     7.639     7.685  5 56484.53722572 50.677
 187 299.334541 -32.851382     8.740     8.737  4 56504.36849582 51.529
 188 299.336361 -32.849633     8.157     8.157  3 56514.28412807 52.427
 189 299.335882 -32.851510     8.165     8.160  4 56524.19977923 50.622
 190 299.334646 -32.850781     7.480     7.470  4 56534.11542985 46.300
 192 299.332761 -32.852546     6.514     6.473  5 56553.94672127 47.673
 193 299.331387 -32.854116     6.255     6.242  5 56563.86236407 39.693
 194 299.330722 -32.854808     6.193     6.175  6 56573.77800574 39.006
 195 299.331889 -32.853951     6.287     6.273  5 56583.69364508 47.117
 196 299.334986 -32.850593     6.301     6.277  4 56593.60927960 38.117
 197 299.333635 -32.852229     6.968     6.993  4 56603.52493330 43.538
 198 299.331831 -32.853185     6.978     6.955  5 56613.44058265 48.512
 199 299.331323 -32.854977     7.015     7.028  5 56623.35622799 42.105
 200 299.330859 -32.854592     7.020     7.010  6 56633.27186990 48.247
 201 299.333069 -32.853241     6.718     6.651  4 56643.18750702 46.482
 202 299.332323 -32.852639     6.439     6.497  5 56653.10315794 39.891
 203 299.332710 -32.854303     6.270     6.301  5 56663.01880752 43.324
 204 299.331534 -32.854244     6.096     6.085  5 56672.93445404 44.227
 205 299.329836 -32.854658     6.538     6.518  6 56682.85009939 39.405
 206 299.330651 -32.856528     7.058     7.025  6 56692.76574331 44.600
 207 299.332159 -32.854773     7.102     7.037  5 56702.68138256 45.681
 208 299.334833 -32.851892     6.683     6.673  4 56712.59701657 42.533
 209 299.333266 -32.852877     6.467     6.499  4 56722.51266425 39.322
 210 299.330464 -32.856169     6.273     6.216  6 56732.42831621 42.081
 211 299.328498 -32.858917     6.776     6.692  6 56742.34396424 42.247
 212 299.327934 -32.858658     7.304     7.337  7 56752.25960721 50.880
 213 299.330406 -32.857172     7.528     7.504  6 56762.17524474 48.569
 214 299.333436 -32.852210     7.704     7.748  4 56772.09087471 50.891
 215 299.330935 -32.854813     7.492     7.598  5 56782.00653155 48.493
 216 299.329790 -32.859686     7.626     7.633  7 56791.92218636 51.573
 217 299.327077 -32.860948     7.888     7.941  6 56801.83783756 46.545
 218 299.326813 -32.860082     7.851     7.858  7 56811.75348135 46.618
 219 299.328616 -32.859019     7.749     7.777  7 56821.66912125 46.766
 220 299.330681 -32.855188     7.876     7.856  5 56831.58475644 51.203
 221 299.333680 -32.851741     8.075     8.067  4 56841.50038844 47.713
 222 299.335547 -32.851540     8.541     8.536  4 56851.41602589 50.582
 223 299.332250 -32.853094     8.739     8.712  5 56861.33167985 46.010
 224 299.330683 -32.855542     8.801     8.859  6 56871.24733335 51.887
 225 299.329973 -32.856283     8.758     8.781  7 56881.16298359 50.725
 226 299.329952 -32.856938     8.486     8.462  6 56891.07863022 47.922
 227 299.329040 -32.857136     8.210     8.357  7 56900.99427374 48.742
 228 299.328300 -32.859527     7.778     7.798  6 56910.90991590 46.056
 229 299.328297 -32.859808     7.438     7.428  7 56920.82555644 42.189
 230 299.329806 -32.858085     7.222     7.217  6 56930.74119483 44.660
 231 299.331801 -32.852692     7.365     7.431  5 56940.65682780 42.835
 232 299.334534 -32.852369     7.854     7.830  4 56950.57246768 42.106
 233 299.332068 -32.853622     7.639     7.647  5 56960.48811999 43.664
 234 299.330271 -32.855131     7.634     7.666  6 56970.40376725 47.339
 235 299.330623 -32.855819     7.134     7.135  6 56980.31941042 42.888
 236 299.332627 -32.854450     7.119     7.156  5 56990.23504872 41.147
 237 299.336191 -32.850387     7.116     7.114  3 57000.15068022 50.707
 238 299.334524 -32.851839     7.140     7.130  5 57010.06633488 48.382
 239 299.332667 -32.853241     7.201     7.256  5 57019.98198716 49.688
 240 299.331174 -32.855127     7.598     7.580  6 57029.89763685 46.441
 241 299.330641 -32.856964     7.931     7.916  6 57039.81328511 45.976
 242 299.330081 -32.855982     8.128     8.149  7 57049.72893075 44.873
 243 299.331244 -32.854221     8.126     8.163  5 57059.64457243 45.318
 244 299.333251 -32.852923     7.845     7.858  4 57069.56020856 43.799
 245 299.334639 -32.851912     7.521     7.552  5 57079.47584036 40.988
 246 299.334470 -32.852735     7.858     7.845  4 57089.39147852 51.935
 247 299.330501 -32.856325     7.715     7.716  6 57099.30713699 47.847
 248 299.329031 -32.858293     7.600     7.641  7 57109.22279210 49.760
 249 299.329809 -32.857658     7.397     7.410  6 57119.13844140 49.167
 250 299.330640 -32.856500     6.718     6.723  6 57129.05408457 48.437
