# NaN NaN NaN ;Mean Elev.(m), Avg Gradient(m/km), RMS Gradient(m/km) - SRTM1     
# NaN NaN NaN ;Mean Elev.(m), Avg Gradient(m/km), RMS Gradient(m/km) - ASTER GDEM
#    9.515  -0.069   1.372 ;Mean Elev.(m), Avg Gradient(m/km), RMS Gradient(m/km) - GMTED2010 
   1 299.431528 -31.701632    67.415    66.875 12 54663.43981095 10.427
   2 299.425332 -31.710647    11.632    11.605 20 54673.35545310 43.872
   3 299.425475 -31.710390    11.619    11.678 20 54683.27109606 28.455
   4 299.430496 -31.705221    11.732    11.651 15 54693.18673918 41.973
   5 299.438838 -31.695817    12.058    12.064  8 54703.10238100 30.965
   6 299.434294 -31.701215    11.934    11.869 12 54713.01802860 29.204
   7 299.425590 -31.710163    11.782    11.825 19 54722.93367682 43.746
   8 299.421031 -31.709451    11.912    11.596 16 54732.84932521 31.308
   9 299.418205 -31.708800    11.587    11.571 14 54742.76497250 28.015
  10 299.417067 -31.709578    11.978    11.904 13 54752.68061946 25.792
  11 299.418233 -31.708213    12.069    12.018 14 54762.59626672 43.950
  12 299.417874 -31.709351    12.042    12.036 14 54772.51191079 36.348
  13 299.418041 -31.709411    12.355    12.311 14 54782.42755208 27.224
  14 299.419067 -31.709593    12.304    12.156 15 54792.34319077 27.962
  17 299.425900 -31.711475    11.358    11.310 18 54822.09010763 31.196
  18 299.424109 -31.710093    11.733    10.994 18 54832.00574834 29.636
  19 299.421469 -31.709186    10.847    10.861 17 54841.92139882 33.723
  20 299.419233 -31.708520    11.269    11.219 15 54851.83704820 26.740
  21 299.417752 -31.709106    11.542    11.519 14 54861.75269719 25.429
  22 299.417641 -31.708428    11.308    11.290 13 54871.66834649 44.952
  23 299.416817 -31.709224    11.560    11.552 13 54881.58399366 24.236
  24 299.416079 -31.709120    11.595    11.609 13 54891.49963749 25.671
  25 299.413572 -31.710476    11.872    11.884 12 54901.41527773 35.098
  26 299.413058 -31.710202    11.524    11.570 12 54911.33091641 39.369
  27 299.414940 -31.709359    11.574    11.578 12 54921.24655408 25.786
  28 299.418773 -31.708767    11.586    11.542 14 54931.16219128 29.908
  29 299.422307 -31.709749    12.461    11.548 18 54941.07782674 29.190
  30 299.425346 -31.710028    11.173    11.111 19 54950.99346070 53.698
  31 299.424407 -31.711287    12.117    11.060 19 54960.90910068 32.744
  32 299.422914 -31.710269    11.703    10.651 18 54970.82474930 33.798
  33 299.422673 -31.710220    10.895    10.866 17 54980.74039683 48.066
  34 299.423078 -31.710160    11.049    11.155 18 54990.65604409 42.928
  35 299.422382 -31.710015    12.197    11.365 17 55000.57169102 26.496
  36 299.421163 -31.710233    11.697    11.316 17 55010.48733585 26.426
  37 299.421359 -31.708895    12.157    11.527 17 55020.40297939 25.468
  38 299.421735 -31.709269    11.903    11.843 16 55030.31862126 41.496
  39 299.422919 -31.709724    12.242    12.242 17 55040.23426246 56.069
  40 299.426257 -31.709173    12.120    12.090 19 55050.14990270 35.524
  41 299.427306 -31.711308    12.309    12.212 16 55060.06554016 30.727
  42 299.428705 -31.707072    12.400    12.384 17 55069.98118161 48.438
  43 299.422431 -31.710041    12.427    12.003 17 55079.89682981 27.741
  44 299.419234 -31.709006    11.842    11.818 14 55089.81247749 30.336
  45 299.417759 -31.709037    12.057    11.963 13 55099.72812422 28.678
  46 299.418804 -31.708282    12.244    12.199 14 55109.64377084 29.336
  47 299.418906 -31.709832    12.395    12.288 15 55119.55941544 30.387
  48 299.419399 -31.708349    12.367    12.246 15 55129.47505805 29.915
  49 299.417789 -31.709120    12.870    12.836 14 55139.39069784 30.899
  50 299.418326 -31.709016    13.227    13.230 14 55149.30633658 31.783
  51 299.421319 -31.709890    13.921    13.957 17 55159.22197489 32.489
  52 299.425345 -31.710373    13.949    13.924 20 55169.13761310 35.708
  53 299.427725 -31.711672    13.816    13.785 14 55179.05324999 35.980
  54 299.425886 -31.711090    14.013    14.007 18 55188.96889624 35.809
  55 299.422542 -31.709216    14.155    14.181 17 55198.88454730 33.952
  56 299.419820 -31.709368    14.194    14.151 16 55208.80019737 33.050
  57 299.419550 -31.709337    14.658    14.618 16 55218.71584723 45.707
  58 299.418666 -31.710050    14.455    14.408 15 55228.63149603 34.771
  59 299.418712 -31.708029    15.007    14.950 14 55238.54714225 49.771
  60 299.416566 -31.708265    15.169    15.064 12 55248.46278401 42.621
  61 299.413887 -31.709365    14.504    14.484 12 55258.37842290 34.788
  62 299.413454 -31.710525    14.391    14.391 12 55268.29406086 53.326
  63 299.417401 -31.708161    14.001    13.982 13 55278.20969946 39.123
  64 299.420822 -31.709577    13.663    13.650 17 55288.12533602 30.778
  65 299.425250 -31.709460    13.748    13.723 19 55298.04097063 44.800
  66 299.424409 -31.709773    13.843    13.588 18 55307.95661262 31.307
  67 299.421452 -31.708899    13.568    13.563 16 55317.87225864 30.892
  68 299.419775 -31.708444    13.665    13.654 15 55327.78790381 41.972
  69 299.420647 -31.708602    13.647    13.628 16 55337.70354842 43.857
  70 299.422315 -31.709852    13.496    13.461 18 55347.61919234 29.887
  71 299.424000 -31.709422    13.604    13.286 18 55357.53483490 29.383
  72 299.423230 -31.710546    13.205    12.938 18 55367.45047462 30.994
  73 299.423450 -31.710005    12.594    12.562 19 55377.36611314 49.978
  74 299.425106 -31.710025    12.364    12.193 19 55387.28175067 41.910
  75 299.431130 -31.704877    12.036    11.853 15 55397.19738871 39.267
  76 299.437357 -31.697424    14.161    12.394 10 55407.11303320 30.675
  77 299.427069 -31.711049    12.445    12.367 16 55417.02868024 37.026
  78 299.423049 -31.710273    12.019    12.000 18 55426.94432747 47.012
  79 299.420162 -31.708654    11.917    11.881 15 55436.85997256 30.017
  80 299.418835 -31.708029    11.770    11.648 14 55446.77561662 49.086
  81 299.419186 -31.708647    11.656    11.676 15 55456.69126021 28.781
  82 299.420954 -31.709225    11.695    11.616 17 55466.60690325 30.701
  83 299.422778 -31.709917    12.913    11.869 18 55476.52254306 29.213
  84 299.423523 -31.710729    12.256    11.804 18 55486.43817947 34.090
  85 299.424504 -31.709597    13.622    11.920 19 55496.35381392 28.850
  86 299.424810 -31.711198    11.726    11.702 19 55506.26944903 55.352
  87 299.423829 -31.710700    12.747    11.618 19 55516.18509946 28.632
  88 299.423961 -31.711534    11.436    11.385 17 55526.10074890 55.465
  89 299.424514 -31.709874    11.270    11.252 18 55536.01639692 42.566
  90 299.422796 -31.709670    12.076    11.976 18 55545.93204258 31.972
  91 299.420329 -31.709976    12.188    12.195 16 55555.84768642 24.489
  92 299.419679 -31.709607    12.508    12.491 16 55565.76332986 44.613
  93 299.421099 -31.709709    12.012    12.006 17 55575.67897273 30.739
  94 299.423091 -31.709162    12.137    12.103 18 55585.59461402 38.088
  95 299.423493 -31.710868    12.952    12.488 18 55595.51025128 27.887
  96 299.424438 -31.710078    12.791    12.495 18 55605.42588563 40.425
  97 299.425263 -31.710693    13.607    12.928 20 55615.34151729 29.435
  98 299.425337 -31.711293    13.261    13.005 20 55625.25715741 30.141
  99 299.423966 -31.710574    13.374    13.249 19 55635.17280927 31.062
 100 299.423762 -31.709513    13.493    13.355 18 55645.08845917 30.421
 101 299.422653 -31.709872    13.508    13.373 17 55655.00410597 30.660
 102 299.421722 -31.709662    13.682    13.585 16 55664.91974852 30.848
 103 299.421163 -31.709040    13.753    13.723 17 55674.83538841 32.312
 104 299.421600 -31.709400    13.695    13.651 16 55684.75102671 31.839
 105 299.424382 -31.709909    13.649    13.674 19 55694.66666394 29.050
 106 299.432627 -31.703272    13.095    13.031 14 55704.58230165 33.863
 107 299.433652 -31.701786    12.498    12.512 12 55714.49794871 38.266
 108 299.425689 -31.711259    12.855    12.704 18 55724.41359479 36.626
 109 299.423476 -31.710473    13.337    13.279 18 55734.32924129 29.175
 110 299.422618 -31.709823    11.828    11.833 17 55744.24488648 40.675
 111 299.422734 -31.709809    12.410    12.115 17 55754.16053019 28.938
 112 299.423794 -31.710156    11.989    12.132 19 55764.07617164 45.534
 113 299.424081 -31.711109    12.851    12.242 19 55773.99181025 28.675
 114 299.424581 -31.710220    12.658    12.655 18 55783.90744617 47.448
 115 299.426466 -31.709372    13.048    12.588 19 55793.82308009 32.621
 116 299.431685 -31.704060    12.808    12.960 15 55803.73871833 34.341
 117 299.426932 -31.711030    12.997    13.051 16 55813.65436659 34.772
 118 299.428461 -31.706885    13.163    13.168 17 55823.57001562 46.027
 119 299.425446 -31.711443    12.994    12.889 18 55833.48565774 32.553
 120 299.426423 -31.709594    13.066    12.714 19 55843.40129716 31.301
 121 299.426964 -31.710794    12.428    12.553 16 55853.31693274 31.739
 122 299.434514 -31.700833    12.992    13.003 12 55863.23257153 45.354
 123 299.428755 -31.706446    12.611    12.573 17 55873.14822381 32.167
 133 299.419961 -31.709189    11.729    11.748 15 55972.30466315 26.447
 134 299.423426 -31.709625    12.238    11.585 18 55982.22029912 30.941
 135 299.427319 -31.711499    12.266    11.667 14 55992.13593324 27.495
 136 299.428853 -31.707049    11.702    11.716 17 56002.05158144 42.794
 137 299.423540 -31.709836    11.597    11.557 18 56011.96723003 47.920
 139 299.419903 -31.709323    11.520    11.499 16 56031.79851950 29.151
 141 299.424018 -31.710192    12.010    12.018 18 56051.62980023 31.669
 142 299.426833 -31.711102    12.172    12.193 16 56061.54543644 35.830
 143 299.433653 -31.701537    12.075    12.149 12 56071.46107743 34.428
 144 299.425138 -31.710740    12.074    11.833 19 56081.37672493 37.936
 145 299.422904 -31.711074    12.101    12.075 18 56091.29237196 48.007
 146 299.423491 -31.710116    12.403    12.310 18 56101.20801705 51.145
 147 299.423593 -31.710850    12.745    12.377 18 56111.12364759 29.106
 148 299.424371 -31.710851    12.960    12.991 19 56121.03928662 40.738
 149 299.426390 -31.709169    12.867    12.820 19 56130.95492258 44.503
 150 299.428634 -31.707075    12.664    12.609 17 56140.87055749 50.836
 151 299.423788 -31.710536    12.580    12.366 19 56150.78620746 33.588
 152 299.424058 -31.709379    12.569    12.444 18 56160.70185711 34.295
 153 299.424390 -31.709813    12.104    12.110 19 56170.61750482 43.467
 154 299.424271 -31.709931    12.662    12.324 19 56180.53314851 31.597
 155 299.423293 -31.710124    11.451    11.471 18 56190.44878799 51.977
 156 299.423071 -31.710190    11.386    11.319 18 56200.36442450 37.627
 157 299.425432 -31.711565    13.560    12.369 18 56210.28005843 33.258
 158 299.439848 -31.695089    14.235    11.855  8 56220.19569506 27.595
 159 299.439678 -31.695368    14.417    11.934  8 56230.11134474 23.870
 160 299.433700 -31.701450    11.959    11.997 12 56240.02699620 31.597
 161 299.425221 -31.710892    12.469    11.888 20 56249.94264312 35.874
 162 299.423785 -31.709964    11.974    11.580 18 56259.85828812 28.011
 163 299.423856 -31.709928    11.458    11.418 19 56269.77393069 38.320
 164 299.424601 -31.710574    14.148    14.134 19 56279.68957152 28.982
 165 299.422914 -31.709910    12.187    12.241 18 56289.60522322 36.954
 166 299.421222 -31.708145    11.905    11.917 16 56299.52087233 35.523
 167 299.418126 -31.709139    12.111    12.090 14 56309.43651654 35.454
 168 299.416820 -31.709261    11.842    11.875 13 56319.35215842 29.306
 169 299.417661 -31.709847    11.371    11.359 14 56329.26779921 27.649
 170 299.421818 -31.708728    11.390    11.387 17 56339.18343967 33.803
 171 299.425066 -31.710928    11.751    11.844 19 56349.09907734 29.121
 172 299.427371 -31.711598    12.370    12.405 16 56359.01471283 44.711
 173 299.423086 -31.709782    12.396    12.342 18 56368.93036332 27.714
 175 299.417916 -31.709744    12.277    12.171 14 56388.76165634 26.630
 176 299.421463 -31.708430    12.653    12.653 16 56398.67730054 44.015
 177 299.423937 -31.710299    12.749    12.608 18 56408.59294138 28.160
 178 299.428535 -31.706865    12.878    12.926 17 56418.50857904 32.718
 179 299.433201 -31.702455    12.430    12.229 13 56428.42421298 31.773
 180 299.423561 -31.710122    12.716    12.722 19 56438.33986391 42.232
 181 299.420584 -31.710071    12.745    12.801 16 56448.25551419 46.704
 182 299.420468 -31.709903    12.461    12.448 16 56458.17116257 27.236
 183 299.420483 -31.709919    12.556    12.521 16 56468.08680771 32.267
 184 299.421344 -31.708441    13.079    13.069 16 56478.00244926 54.674
 185 299.421346 -31.708939    13.288    13.322 16 56487.91808674 30.899
 187 299.426324 -31.709425    13.818    13.771 19 56507.74935665 35.761
 188 299.436971 -31.697763    13.188    13.256 10 56517.66499774 34.495
 189 299.427601 -31.711793    12.838    12.767 14 56527.58064862 40.376
 190 299.426111 -31.710727    12.279    12.223 18 56537.49629887 51.670
 192 299.420452 -31.710055    12.341    12.108 16 56557.32758780 27.579
 193 299.421518 -31.708925    11.579    11.562 17 56567.24323032 40.877
 194 299.424436 -31.709831    12.573    12.051 19 56577.15887135 29.317
 195 299.433401 -31.702497    12.467    11.922 13 56587.07451121 29.152
 196 299.439091 -31.695825    12.173    12.158  8 56596.99015340 32.537
 197 299.426657 -31.709558    12.930    12.443 19 56606.90580173 30.436
 198 299.422764 -31.709890    12.422    12.236 18 56616.82144878 28.938
 199 299.422630 -31.708598    12.477    12.325 17 56626.73709324 28.371
 200 299.423554 -31.709511    12.692    12.103 18 56636.65273460 26.455
 201 299.424682 -31.711066    12.164    12.083 19 56646.56837591 47.744
 202 299.421464 -31.710429    11.930    11.896 17 56656.48402853 50.914
 203 299.419107 -31.708800    11.430    11.454 15 56666.39967685 31.565
 205 299.418780 -31.708295    11.538    11.582 14 56686.23096619 30.427
 206 299.420933 -31.709402    12.309    12.279 16 56696.14660811 53.473
 207 299.424913 -31.709522    12.659    12.324 19 56706.06224587 28.307
 208 299.427310 -31.711319    11.901    11.886 16 56715.97787859 40.823
 209 299.422862 -31.708968    18.019    15.602 17 56725.89353224 22.697
 211 299.418566 -31.708098    12.333    12.391 14 56745.72482818 31.047
 212 299.421031 -31.709549    13.090    12.815 17 56755.64047013 28.853
 213 299.425649 -31.710518    13.019    12.712 19 56765.55610657 32.656
 214 299.426575 -31.711763    13.017    12.960 16 56775.47174558 45.909
 215 299.422093 -31.709244    12.782    12.769 17 56785.38740197 35.767
 216 299.417291 -31.708928    13.265    13.251 14 56795.30305405 53.750
 217 299.415483 -31.708156    13.250    13.128 12 56805.21870232 51.074
 219 299.419371 -31.708959    13.281    13.222 15 56825.04998212 41.689
 220 299.422338 -31.708724    13.269    13.257 17 56834.96561685 31.638
 221 299.424986 -31.710394    13.755    13.755 20 56844.88124808 34.341
 222 299.424334 -31.710578    14.343    14.373 18 56854.79689342 35.123
 223 299.422800 -31.709186    14.202    14.223 17 56864.71254734 33.310
 224 299.421369 -31.708735    13.784    13.734 16 56874.62820033 32.729
 225 299.419771 -31.709286    13.837    13.811 16 56884.54384992 33.080
 226 299.418492 -31.709551    13.312    13.297 14 56894.45949638 31.796
 227 299.417765 -31.708722    12.894    12.881 13 56904.37513966 30.290
 228 299.417725 -31.708165    12.774    12.755 13 56914.29078078 29.458
 229 299.420073 -31.708042    12.573    12.511 15 56924.20642021 26.891
 230 299.423478 -31.710161    12.582    12.472 19 56934.12205679 28.059
 231 299.435028 -31.699754    13.204    13.233 12 56944.03769138 48.048
 232 299.431306 -31.704570    13.266    13.359 15 56953.95333800 40.790
 233 299.424334 -31.709762    13.239    12.932 19 56963.86898681 27.969
 234 299.421677 -31.709928    12.606    12.494 17 56973.78463249 28.594
 235 299.421814 -31.710505    12.590    12.466 17 56983.70027411 30.377
 236 299.424615 -31.711140    13.118    12.438 19 56993.61591105 29.472
 237 299.426948 -31.711451    12.972    12.622 16 57003.53154924 30.023
 238 299.422973 -31.709323    12.372    12.272 18 57013.44720621 28.607
 239 299.419826 -31.708858    12.462    12.458 15 57023.36285738 25.262
 240 299.418648 -31.709771    13.035    12.886 15 57033.27850564 26.681
 241 299.419829 -31.709898    13.339    13.382 16 57043.19415183 30.523
 242 299.421567 -31.709577    13.316    13.385 17 57053.10979580 28.744
 243 299.422963 -31.709731    13.285    13.050 17 57063.02543520 26.819
 244 299.424982 -31.709404    13.091    12.832 19 57072.94106975 28.284
 245 299.430601 -31.705202    14.886    13.869 15 57082.85670181 31.036
 246 299.428504 -31.707141    12.876    12.922 17 57092.77234942 44.704
 247 299.424184 -31.709278    12.978    12.894 18 57102.68800606 27.363
 248 299.422463 -31.709653    12.811    12.537 18 57112.60365944 30.593
 249 299.421873 -31.709779    12.209    12.199 17 57122.51930689 36.901
 250 299.421738 -31.708787    12.163    11.967 17 57132.43494880 27.625
