# NaN NaN NaN ;Mean Elev.(m), Avg Gradient(m/km), RMS Gradient(m/km) - SRTM1     
# NaN NaN NaN ;Mean Elev.(m), Avg Gradient(m/km), RMS Gradient(m/km) - ASTER GDEM
#  226.722  -1.792  20.426 ;Mean Elev.(m), Avg Gradient(m/km), RMS Gradient(m/km) - GMTED2010 
   3 305.995397 -23.509648   317.502   317.428  9 54681.83985162  4.414
   4 305.996145 -23.508614   315.437   315.974  9 54691.75549388 13.728
   5 305.995758 -23.499273   309.041   306.836  3 54701.67113220  4.243
   6 305.996729 -23.498753   317.997   317.392  3 54711.58677985  0.429
   7 305.996737 -23.503488   310.174   317.842  5 54721.50243219  5.141
   8 305.993111 -23.504347   319.665   319.164  4 54731.41808075  1.417
   9 305.993552 -23.513736   312.753   313.408 12 54741.33372961  7.890
  11 305.988132 -23.503472   310.662   311.726  3 54761.16502004  4.157
  12 305.994417 -23.513266   321.803   322.729  9 54771.08066648  1.513
  13 305.994452 -23.509068   320.867   320.918  9 54780.99630643  1.856
  14 305.991611 -23.499425   325.826   325.826  2 54790.91194267  0.528
  17 305.997401 -23.503993   225.109   225.142  8 54820.65886033 16.671
  18 305.996683 -23.506784   224.977   225.009  8 54830.57451381 26.106
  19 305.994735 -23.509815   226.192   226.109 10 54840.49015373 52.223
  20 305.994850 -23.519927   317.722   318.478  9 54850.40580531  3.835
  21 305.995264 -23.528303   225.991   225.997 12 54860.32145590 52.668
  22 305.995228 -23.531109   226.194   226.196 13 54870.23710517 54.510
  23 305.995543 -23.528665   226.170   226.200 11 54880.15275201 47.469
  24 305.994866 -23.520814   226.941   226.907  9 54890.06839436 53.836
  25 305.993096 -23.514796   226.070   226.081 12 54899.98403385 24.582
  26 305.995150 -23.522255   226.084   226.113  9 54909.89967442 50.011
  27 305.995026 -23.523973   226.322   226.308 10 54919.81531258 42.690
  28 305.995033 -23.519933   226.338   226.227  9 54929.73094945 25.031
  29 305.995316 -23.510319   226.754   226.724  9 54939.64658429 50.292
  30 305.997436 -23.503779   225.846   225.833  7 54949.56221829 43.707
  31 305.996420 -23.496574   283.885   283.825  3 54959.47785526  2.025
  32 305.997100 -23.504468   225.842   225.882  7 54969.39350549 53.492
  33 305.995577 -23.506770   226.222   226.286  8 54979.30915294 54.477
  34 305.993162 -23.505120   297.464   304.777  6 54989.22479915  3.996
  35 305.994581 -23.509592   225.685   225.703 10 54999.14044689 25.186
  36 305.994570 -23.510271   226.195   226.165 10 55009.05609187 53.949
  37 305.994355 -23.510164   226.072   226.130  9 55018.97173494 53.974
  38 305.994411 -23.512539   226.360   226.365 10 55028.88737737 51.507
  39 305.994205 -23.513888   317.378   317.146 11 55038.80301921  6.224
  40 305.994661 -23.511275   226.554   226.590 11 55048.71865934 26.866
  41 305.996554 -23.506759   226.158   226.186  8 55058.63429730 22.580
  42 305.996241 -23.498742   323.096   323.911  3 55068.54993475  1.573
  43 305.996949 -23.504776   226.077   226.083  8 55078.46558617 48.456
  44 305.995168 -23.509767   227.117   227.049  9 55088.38123474 46.025
  45 305.993560 -23.514371   226.739   226.890 11 55098.29688160 27.033
  46 305.994906 -23.519894   226.243   226.253  9 55108.21252822 55.415
  47 305.994018 -23.514199   225.898   225.934 11 55118.12817140 54.374
  48 305.995126 -23.510976   228.731   228.727 10 55128.04381292 53.532
  49 305.995343 -23.508309   226.838   226.818  9 55137.95945241 52.655
  50 305.995808 -23.508970   226.993   227.011  9 55147.87509120 48.810
  51 305.995763 -23.508361   226.843   226.782 10 55157.79072944 26.771
  52 305.996140 -23.506819   227.742   227.746  9 55167.70636761 40.274
  53 305.996891 -23.503994   311.335   311.744  8 55177.62200508 15.064
  54 305.997024 -23.504138   228.784   228.769  8 55187.53764994 50.540
  55 305.995273 -23.508252   228.421   228.419  9 55197.45330214 33.997
  56 305.993158 -23.512457   229.128   229.132 11 55207.36895303 51.935
  58 305.995318 -23.525018   229.057   229.026 10 55227.20025370 55.035
  59 305.995186 -23.522625   228.174   228.159  9 55237.11589892 33.805
  60 305.993477 -23.514465   228.483   228.439 12 55247.03153925 53.219
  61 305.993086 -23.512503   227.049   227.068 11 55256.94717851 37.450
  62 305.993083 -23.514170   227.674   227.660 11 55266.86281771 32.621
  63 305.994638 -23.518501   315.465   315.343  8 55276.77845718  2.596
  64 305.994411 -23.513140   227.278   227.280 11 55286.69409362 36.467
  65 305.996464 -23.507392   228.071   228.097  9 55296.60972800 43.762
  66 305.997501 -23.504587   226.290   226.300  8 55306.52536854 29.170
  67 305.996569 -23.506556   226.827   226.857  8 55316.44101587 33.036
  68 305.995211 -23.508823   226.206   226.199  9 55326.35666161 25.945
  69 305.994910 -23.511426   226.123   226.072 10 55336.27230612 34.092
  70 305.994574 -23.511301   226.353   226.319 10 55346.18794942 45.674
  71 305.995149 -23.511392   226.220   226.201 10 55356.10359153 54.358
  72 305.994909 -23.509599   226.381   226.339  9 55366.01923112 48.306
  73 305.995863 -23.509938   225.687   225.635  9 55375.93486983 25.611
  74 305.996125 -23.507660   225.857   225.852  9 55385.85050718 47.189
  75 305.996920 -23.505350   226.234   226.265  8 55395.76614389 27.691
  77 305.996920 -23.504430   225.947   225.933  8 55415.59743573 22.384
  78 305.996414 -23.506949   225.680   225.696  8 55425.51308452 25.617
  79 305.995608 -23.508664   225.991   226.016 10 55435.42873033 52.219
  80 305.994272 -23.510029   225.777   225.758 10 55445.34437447 29.674
  81 305.994096 -23.512390   225.930   225.896 11 55455.26001783 52.282
  82 305.995325 -23.513776   315.687   318.690  8 55465.17566028  2.403
  83 305.995563 -23.507753   226.720   226.665  9 55475.09129828 53.304
  84 305.997683 -23.504897   315.555   317.882  7 55485.00693407 13.353
  85 305.998206 -23.501386   227.517   227.458  6 55494.92256763 23.841
  86 305.998969 -23.500618   226.480   226.397  6 55504.83820116 30.545
  88 305.996126 -23.506969   226.351   226.394  8 55524.66950289 24.414
  89 305.995541 -23.509250   226.658   226.665 10 55534.58515167 30.488
  90 305.994958 -23.511642   226.868   226.849 10 55544.50079859 27.638
  91 305.994138 -23.513991   226.440   226.483 11 55554.41644346 46.823
  92 305.992923 -23.513961   225.820   225.813 11 55564.33208660 50.951
  93 305.993749 -23.512994   226.453   226.411 10 55574.24772890 53.024
  94 305.995061 -23.509898   227.434   227.418 10 55584.16336914 52.671
  95 305.996665 -23.506503   226.651   226.723  8 55594.07900591 27.691
  96 305.996047 -23.499430   313.433   311.660  4 55603.99463831  4.852
  97 305.998678 -23.501139   227.120   227.034  6 55613.91027091 49.591
  98 305.998995 -23.501049   227.392   227.377  5 55623.82590889 24.053
  99 305.994155 -23.498008   321.023   321.023  2 55633.74156094  1.732
 100 305.996425 -23.506498   228.625   228.576  9 55643.65721378 33.357
 101 305.995905 -23.506428   317.396   318.917  7 55653.57286180  3.270
 102 305.996047 -23.507275   322.034   322.244  8 55663.48850562  2.292
 103 305.996155 -23.509607   227.041   226.920  9 55673.40414649 40.609
 104 305.995577 -23.509386   226.751   226.896 10 55683.31978494 26.726
 105 305.996423 -23.507685   226.534   226.462  9 55693.23542158 52.784
 107 305.998087 -23.502745   226.005   226.007  7 55713.06669963 53.294
 108 305.996509 -23.505597   226.157   226.093  8 55722.98234872 52.506
 109 305.995500 -23.510092   226.041   226.043 10 55732.89799635 47.058
 110 305.994603 -23.511713   316.951   317.306 11 55742.81364236  5.382
 111 305.995084 -23.512346   226.229   226.263 10 55752.72928721 30.552
 112 305.995422 -23.507743   316.356   317.606  9 55762.64492881  4.527
 113 305.996668 -23.505131   226.780   226.958  8 55772.56056814 25.877
 114 305.997512 -23.504043   227.074   227.110  7 55782.47620429 27.329
 115 305.998301 -23.503367   226.233   226.221  7 55792.39183771 32.652
 116 306.001696 -23.506519   311.958   311.958  2 55802.30747226  2.115
 117 305.997719 -23.501833   226.096   226.081  7 55812.22312055 54.705
 118 305.997769 -23.502076   225.842   225.879  7 55822.13876849 18.940
 119 305.998495 -23.500979   225.732   225.684  6 55832.05441140 53.452
 120 305.999175 -23.500103   225.886   225.837  5 55841.97004991 38.296
 121 305.997695 -23.496416   314.063   314.142  3 55851.88568488  0.793
 122 305.999579 -23.499556   309.111   305.520  5 55861.80131973  7.520
 123 305.997611 -23.505229   317.801   317.972  8 55871.71697527  3.534
 133 305.995398 -23.508707   226.039   225.972  9 55970.87341757 52.866
 134 305.995987 -23.507636   225.869   225.805  9 55980.78905398 39.236
 135 305.997818 -23.503356   226.233   226.289  7 55990.70468889 35.737
 136 305.998307 -23.502187   226.088   226.077  6 56000.62033423 18.172
 137 305.997172 -23.503766   226.427   226.343  8 56010.53598549 21.995
 138 305.996205 -23.507125   226.008   225.950  8 56020.45163306 48.780
 139 305.994431 -23.509554   226.468   226.490 10 56030.36727705 52.366
 141 305.995198 -23.511821   226.190   226.255 10 56050.19855800 53.887
 142 305.996331 -23.506695   225.991   226.004  9 56060.11419332 23.417
 143 305.998306 -23.501649   226.049   226.045  7 56070.02982798 46.353
 144 305.997227 -23.505903   226.550   226.500  8 56079.94547907 45.591
 145 305.995556 -23.509804   226.330   226.313 10 56089.86112753 45.658
 146 305.994523 -23.511549   227.537   227.504 11 56099.77677332 51.021
 147 305.995103 -23.511398   226.936   226.913 10 56109.69240507 29.319
 148 305.996459 -23.507493   226.336   226.336  8 56119.60804472 26.609
 149 305.998172 -23.502492   226.198   226.173  7 56129.52368060 21.249
 150 305.999370 -23.499572   225.661   225.667  5 56139.43931352 32.346
 151 305.996956 -23.503928   226.195   226.189  8 56149.35496346 53.753
 152 305.995852 -23.508073   225.904   225.856  9 56159.27061284 54.230
 153 305.995612 -23.508287   226.086   226.031  9 56169.18626008 47.304
 154 305.996848 -23.507349   225.880   225.851  8 56179.10190388 52.578
 155 305.997110 -23.503789   286.657   285.771  6 56189.01754278  4.785
 156 305.997735 -23.503214   225.820   225.752  7 56198.93317922 37.891
 157 305.998475 -23.503203   225.768   225.755  7 56208.84881338 33.323
 159 305.998270 -23.502001   225.940   225.888  7 56228.68009257 43.650
 160 305.996984 -23.503928   226.016   226.007  8 56238.59574730 20.151
 161 305.996346 -23.506612   225.825   225.790  9 56248.51139843 19.604
 162 305.996285 -23.508757   225.536   225.557  9 56258.42704454 28.752
 163 305.995816 -23.509637   226.175   226.184  9 56268.34268707 45.669
 164 305.995733 -23.509529   225.794   225.717  9 56278.25832757 35.092
 165 305.994815 -23.510478   225.623   225.584  9 56288.17397674 31.463
 166 305.995068 -23.510825   225.773   225.757 10 56298.08962570 40.841
 167 305.994979 -23.509469   225.939   225.941 10 56308.00527030 44.973
 168 305.995172 -23.510254   225.750   225.827  9 56317.92091291 19.687
 169 305.994605 -23.511318   225.873   225.818 11 56327.83655446 45.435
 170 305.994364 -23.509721   226.778   226.603 10 56337.75219468 26.937
 171 305.996267 -23.507845   226.302   226.303  8 56347.66783336 21.444
 172 305.998204 -23.503432   226.270   226.264  7 56357.58346885 49.297
 173 305.997233 -23.506470   314.583   317.425  8 56367.49911906  9.348
 176 305.993206 -23.514186   226.770   226.798 11 56397.24605779 24.685
 177 305.994208 -23.513154   226.209   226.154 11 56407.16169838 52.548
 178 305.995187 -23.508026   225.478   225.525  9 56417.07733429 21.546
 179 305.998281 -23.504318   312.138   311.179  7 56426.99296592 11.037
 180 305.993798 -23.501364   320.382   320.900  4 56436.90861616  1.809
 181 305.994433 -23.511247   225.955   225.945 11 56446.82426952 29.816
 182 305.994054 -23.514863   225.944   225.861 11 56456.73991943 53.212
 183 305.993511 -23.514145   312.169   312.805 12 56466.65556547  9.177
 184 305.994015 -23.511656   318.846   318.424 11 56476.57120726  2.377
 185 305.995444 -23.508947   226.568   226.589  9 56486.48684549 42.183
 189 305.997926 -23.502083   225.688   225.637  7 56526.14940164 40.981
 192 305.995617 -23.508528   225.965   225.934 10 56555.89634228 32.145
 193 305.994742 -23.509336   319.266   319.236 10 56565.81198503  6.161
 194 305.995210 -23.509455   226.062   226.038 10 56575.72762670 25.307
 195 305.996914 -23.507179   225.948   225.979  8 56585.64326510 17.527
 197 305.996319 -23.506301   225.818   225.810  9 56605.47455591 18.431
 198 305.995057 -23.509170   225.696   225.710  9 56615.39020451 37.727
 199 305.995025 -23.510403   225.721   225.713 10 56625.30584905 23.301
 200 305.995782 -23.509886   226.109   226.060  9 56635.22149032 51.213
 201 305.997423 -23.506638   226.288   226.284  8 56645.13712800 53.537
 202 305.996364 -23.509013   226.179   226.082  9 56655.05278098 43.083
 203 305.995050 -23.509294   226.034   225.997 10 56664.96842925 20.900
 205 305.994268 -23.512252   225.971   225.951 10 56684.79972078 52.133
 206 305.994531 -23.511121   226.346   226.351 10 56694.71536378 53.995
 207 305.996165 -23.507768   226.336   226.353  8 56704.63100209 21.173
 208 305.998257 -23.503499   226.051   226.018  7 56714.54663480 37.598
 209 305.995876 -23.508021   309.235   309.236  8 56724.46228717  1.650
 210 305.993901 -23.514531   226.075   225.986 11 56734.37793877 53.074
 211 305.995489 -23.523884   226.087   226.115 10 56744.29358756 55.894
 212 305.995003 -23.519681   225.553   225.593  8 56754.20922890 54.295
 213 305.995026 -23.509431   225.794   225.794  9 56764.12486339 31.916
 214 305.997526 -23.506046   226.263   226.262  8 56774.04049779 43.250
 215 305.994808 -23.511508   225.771   225.794 10 56783.95615531 45.484
 216 305.995130 -23.522875   225.353   225.377 10 56793.87181083 53.695
 217 305.995502 -23.530062   226.327   226.420 13 56803.78746250 28.393
 218 305.995294 -23.525544   226.294   226.349 11 56813.70310444 24.413
 219 305.993400 -23.514065   226.468   226.337 11 56823.61874142 53.522
 220 305.993926 -23.506921   297.529   306.021  4 56833.53437537  3.648
 221 305.996749 -23.504754   225.279   224.943  8 56843.45000703 19.430
 222 305.996532 -23.504459   225.032   224.982  8 56853.36564868 38.316
 223 305.995412 -23.509419   226.708   226.688 10 56863.28130308 22.821
 224 305.994769 -23.512219   225.459   225.494 10 56873.19695638 53.884
 225 305.993701 -23.511394   319.404   319.144 10 56883.11260573  1.146
 226 305.993743 -23.512556   225.255   225.152 11 56893.02825213 50.385
 227 305.993245 -23.514885   225.033   224.993 11 56902.94389559 47.523
 228 305.995189 -23.523971   225.048   225.066  9 56912.85953896 47.638
 229 305.991115 -23.514063   299.790   299.790  2 56922.77517664  2.346
 230 305.994018 -23.512762   226.383   226.468 11 56932.69081460 24.245
 231 305.997332 -23.506882   225.267   225.270  8 56942.60644658 47.424
 232 305.997674 -23.504732   226.529   226.800  8 56952.52209083 18.957
 233 305.992610 -23.501455   319.347   320.784  4 56962.43774098  2.497
 234 305.994270 -23.511925   225.713   225.719 11 56972.35338937 51.247
 235 305.994600 -23.512628   225.254   225.257 10 56982.26903133 25.147
 236 305.994742 -23.504688   318.492   318.498  3 56992.18466680  1.943
 237 305.999311 -23.501562   225.829   225.831  6 57002.10030013 39.889
 238 305.997359 -23.504822   225.797   225.740  8 57012.01595771 49.985
 239 305.991449 -23.498721   318.239   318.239  2 57021.93160746  2.947
 240 305.994742 -23.512461   226.377   226.405 10 57031.84725954 19.813
 241 305.993995 -23.513290   225.665   225.658 10 57041.76290686 47.268
 242 305.994437 -23.512626   317.648   317.624 11 57051.67855200  5.507
 243 305.995736 -23.509585   225.935   225.891  9 57061.59419251 40.906
 244 305.996356 -23.504697   225.972   225.922  8 57071.50982712 40.067
 245 305.997987 -23.503693   226.374   226.409  7 57081.42545830 43.921
 246 305.997118 -23.507159   225.676   225.719  8 57091.34110248 42.576
 247 305.994231 -23.513206   225.758   225.728 11 57101.25676083 42.573
 248 305.993279 -23.514838   225.684   225.661 11 57111.17241496 30.297
 249 305.994109 -23.512959   225.809   225.826 11 57121.08806269 44.732
 250 305.995272 -23.512087   226.367   226.361 10 57131.00370491 44.328
