# NaN NaN NaN ;Mean Elev.(m), Avg Gradient(m/km), RMS Gradient(m/km) - SRTM1     
# NaN NaN NaN ;Mean Elev.(m), Avg Gradient(m/km), RMS Gradient(m/km) - ASTER GDEM
#    4.956  -0.167   1.070 ;Mean Elev.(m), Avg Gradient(m/km), RMS Gradient(m/km) - GMTED2010 
   2 299.436947 -33.037241     5.574     5.569  5 54669.97463217 37.702
   3 299.435008 -33.037049     5.620     5.560  5 54679.89027550 32.860
   4 299.435580 -33.037096     5.493     5.444  5 54689.80591822 36.747
   5 299.438622 -33.036979     5.825     5.822  4 54699.72155919 36.163
   6 299.440941 -33.037422     6.271     6.307  4 54709.63720438 40.679
   7 299.439248 -33.037552     5.842     5.900  4 54719.55285592 36.993
   8 299.436102 -33.037095     5.775     5.762  5 54729.46850457 38.799
   9 299.433148 -33.037453     7.874     5.760  7 54739.38415173 34.187
  10 299.430867 -33.036747     5.459     5.497  8 54749.29979847 30.646
  11 299.429670 -33.035782     5.763     5.754  8 54759.21544491 34.220
  12 299.431984 -33.037649     5.771     5.819  7 54769.13108986 27.245
  13 299.434298 -33.037433     6.169     6.149  6 54779.04673106 37.189
  14 299.436483 -33.037461     6.295     6.288  6 54788.96236995 43.085
  15 299.437431 -33.037454     6.490     6.474  5 54798.87800799 42.229
  17 299.440032 -33.036889     5.600     5.397  4 54818.70928441 34.794
  18 299.438122 -33.037481     5.007     4.810  4 54828.62493688 29.572
  19 299.434791 -33.037845     4.894     4.870  6 54838.54057631 29.013
  20 299.429130 -33.035997     4.742     4.619  8 54848.45622528 35.357
  21 299.425198 -33.035044     4.999     4.919 10 54858.37187384 26.899
  22 299.424346 -33.036051    17.312    17.007 11 54868.28752292 26.992
  23 299.425517 -33.036305     5.218     5.226 10 54878.20317103 33.963
  24 299.428419 -33.036558     5.237     5.195  8 54888.11881609 30.477
  25 299.429739 -33.036783     5.691     5.691  8 54898.03445756 30.752
  26 299.428990 -33.036883     5.512     5.521  8 54907.95009639 30.921
  27 299.427857 -33.035643     5.227     5.249  9 54917.86573382 31.296
  28 299.430172 -33.037020     5.092     5.100  8 54927.78137216 30.187
  29 299.434345 -33.037605     4.893     4.861  6 54937.69700994 31.750
  30 299.438584 -33.036755     5.012     5.003  4 54947.61264571 35.493
  31 299.442644 -33.037019     4.732     4.731  3 54957.52828125 44.498
  32 299.440431 -33.037542     4.560     4.554  4 54967.44392975 35.783
  33 299.437846 -33.038101     9.696    11.706  5 54977.35957690 20.933
  34 299.434775 -33.036507     4.505     4.476  6 54987.27522338 30.476
  35 299.434948 -33.037779     4.926     4.938  6 54997.19087075 33.120
  36 299.434054 -33.036597     5.180     5.198  6 55007.10651574 37.005
  37 299.433926 -33.037612     4.865     4.853  6 55017.02215907 33.240
  38 299.432517 -33.037883     4.950     4.944  7 55026.93780086 31.968
  39 299.430661 -33.037008     5.517     5.514  8 55036.85344212 29.733
  40 299.431537 -33.035860     5.891     5.812  7 55046.76908288 40.689
  41 299.436420 -33.036307     5.854     5.804  5 55056.68472259 43.812
  42 299.441600 -33.036837     6.237     6.238  3 55066.60036013 45.015
  43 299.439805 -33.037194     5.949     5.953  4 55076.51601024 38.965
  44 299.435377 -33.037134     5.786     5.812  5 55086.43165772 40.841
  45 299.430888 -33.036104     7.942     5.948  7 55096.34730324 39.391
  46 299.429677 -33.035817     6.247     6.248  8 55106.26294868 47.389
  47 299.432188 -33.037682     8.190     6.321  7 55116.17859441 35.362
  48 299.434150 -33.036745     6.344     6.366  6 55126.09423718 43.528
  49 299.435762 -33.036715     6.561     6.552  5 55136.00987767 40.089
  50 299.436435 -33.037272     6.755     6.755  6 55145.92551637 44.913
  51 299.436021 -33.037117     7.227     7.225  6 55155.84115441 40.786
  52 299.436658 -33.037363     7.399     7.409  5 55165.75679304 40.515
  53 299.438844 -33.037967     7.570     7.571  5 55175.67243176 38.237
  54 299.439824 -33.036797     7.709     7.694  4 55185.58807364 40.946
  55 299.436545 -33.037108     7.838     7.834  5 55195.50372524 39.273
  56 299.431449 -33.036650     7.874     7.899  7 55205.41937505 42.258
  57 299.427230 -33.035700     7.876     7.919  9 55215.33502399 41.087
  58 299.426131 -33.036020     7.944     7.972  9 55225.25067267 34.180
  59 299.428205 -33.036980     8.328     8.302  9 55235.16631960 38.295
  60 299.431372 -33.036835     8.363     8.352  7 55245.08196296 33.038
  61 299.432951 -33.037613     8.374     8.392  7 55254.99760350 35.784
  62 299.430687 -33.036416     8.071     8.100  8 55264.91324187 33.759
  63 299.429010 -33.035884     7.780     7.753  8 55274.82887970 35.135
  64 299.431705 -33.037465     7.682     7.668  7 55284.74451783 35.107
  65 299.436623 -33.037267     7.479     7.520  5 55294.66015418 35.641
  66 299.440481 -33.037056     7.457     7.495  4 55304.57579309 40.153
  67 299.438786 -33.036569     7.372     7.363  4 55314.49144041 42.038
  68 299.436299 -33.036952     7.360     7.340  5 55324.40708573 44.839
  69 299.433676 -33.036568     7.299     7.346  6 55334.32272930 28.000
  70 299.432562 -33.036685     7.259     7.290  6 55344.23837263 34.605
  71 299.433235 -33.036828     7.171     7.170  6 55354.15401537 39.684
  72 299.434616 -33.037080     6.968     6.989  7 55364.06965603 29.046
  73 299.435374 -33.036749     6.758     6.836  5 55373.98529484 32.052
  74 299.436144 -33.037012     6.596     6.704  5 55383.90093273 35.600
  75 299.437668 -33.038118     6.213     6.243  5 55393.81657021 34.763
  76 299.440301 -33.038183     6.203     6.098  4 55403.73220763 36.881
  77 299.439137 -33.037599     6.369     6.371  4 55413.64785920 39.243
  78 299.438907 -33.037819     6.320     6.399  4 55423.56350822 35.952
  79 299.438306 -33.038210     5.847     5.745  5 55433.47915456 37.893
  80 299.434842 -33.037098     6.043     6.101  5 55443.39479849 34.715
  81 299.431842 -33.036069     5.625     5.630  7 55453.31044094 38.261
  82 299.432632 -33.037554     5.469     5.485  7 55463.22608327 35.490
  83 299.435881 -33.037603     5.427     5.433  6 55473.14172336 42.496
  84 299.440054 -33.037781     5.441     5.378  4 55483.05736074 33.460
  85 299.442588 -33.037401     5.865     5.873  3 55492.97299582 38.235
  86 299.443833 -33.037777     5.269     5.269  2 55502.88862974 39.316
  87 299.439689 -33.036662     5.640     5.644  4 55512.80427599 35.438
  88 299.437224 -33.038187     5.430     5.467  5 55522.71992617 33.941
  89 299.434247 -33.036362     5.122     5.143  6 55532.63557428 28.834
  90 299.433653 -33.037052    15.538    16.174  7 55542.55122148 29.928
  91 299.432487 -33.036885     5.870     5.856  6 55552.46686639 39.150
  92 299.430582 -33.036412     6.130     6.144  7 55562.38250968 37.609
  93 299.430872 -33.037043     5.830     5.830  8 55572.29815248 38.456
  94 299.432434 -33.036669     5.547     5.597  7 55582.21379374 33.374
  95 299.436046 -33.036861     5.879     5.906  5 55592.12943197 39.202
  96 299.440820 -33.037842     6.670     6.770  3 55602.04506703 36.937
  97 299.443744 -33.037706     6.651     6.651  2 55611.96069974 33.376
  98 299.444514 -33.037154     6.841     6.841  2 55621.87633365 39.636
  99 299.439532 -33.037411     6.921     6.916  4 55631.79198648 46.760
 100 299.437261 -33.037574     6.937     6.937  5 55641.70763748 40.248
 101 299.437311 -33.037781     7.126     7.144  5 55651.62328593 38.094
 102 299.437918 -33.037739     7.277     7.252  5 55661.53893046 38.261
 103 299.436704 -33.036594    15.014    16.175  5 55671.45457122 41.399
 104 299.436206 -33.037205     7.527     7.523  5 55681.37021050 40.690
 105 299.436567 -33.036648     7.562     7.566  5 55691.28584761 43.304
 106 299.439783 -33.038388     7.365     7.368  4 55701.20148359 44.020
 107 299.441004 -33.038426     7.155     7.055  4 55711.11712406 42.366
 108 299.437926 -33.037340     6.564     6.567  4 55721.03277274 40.791
 109 299.434961 -33.036684     6.231     6.206  6 55730.94841949 39.381
 110 299.434032 -33.037524     5.959     5.978  6 55740.86406562 35.741
 111 299.433349 -33.036818     5.868     5.871  6 55750.77971046 35.371
 112 299.435036 -33.037108     6.038     6.000  6 55760.69535352 38.469
 113 299.437201 -33.037045     6.268     6.342  5 55770.61099373 40.704
 114 299.439718 -33.037518     6.359     6.375  5 55780.52663079 41.612
 115 299.442032 -33.037778     6.585     6.579  3 55790.44226502 48.284
 116 299.444343 -33.037610     6.797     6.797  2 55800.35789783 40.391
 117 299.442372 -33.038364     6.886     6.877  3 55810.27354577 49.661
 118 299.440729 -33.037549     7.079     6.971  4 55820.18919386 46.950
 119 299.441400 -33.036774     7.097     7.076  3 55830.10483755 51.993
 120 299.443697 -33.037764     6.672     6.674  3 55840.02047720 48.114
 121 299.444414 -33.037897     6.502     6.502  2 55849.93611369 41.623
 122 299.444550 -33.037771     6.462     6.462  2 55859.85174838 35.060
 123 299.440268 -33.037211     6.767     6.762  4 55869.76739851 45.669
 133 299.435921 -33.037102     5.762     5.773  5 55968.92384294 40.201
 134 299.436738 -33.036991     8.330     5.552  5 55978.83947985 37.124
 135 299.439992 -33.037428     5.514     5.566  3 55988.75511654 33.632
 136 299.442806 -33.038826     5.641     5.639  3 55998.67075904 28.415
 137 299.440147 -33.037263     9.055     6.117  4 56008.58641006 29.575
 138 299.438370 -33.038038     5.399     5.388  5 56018.50205739 36.913
 139 299.434216 -33.036149     5.358     5.321  6 56028.41770075 35.504
 141 299.433254 -33.036531     5.692     5.643  7 56048.24898268 36.909
 142 299.436463 -33.037162     5.659     5.629  6 56058.16462005 43.975
 143 299.441592 -33.037500     6.232     6.120  3 56068.08025311 39.126
 144 299.438596 -33.037577     5.827     5.863  4 56077.99590290 39.700
 145 299.435183 -33.038028     5.695     5.706  6 56087.91155085 34.706
 146 299.432631 -33.036672     5.789     5.799  7 56097.82719620 40.149
 147 299.433731 -33.036747     6.116     6.120  6 56107.74284017 41.213
 148 299.437007 -33.036943     6.527     6.531  5 56117.65847004 46.399
 149 299.441160 -33.037715     6.733     6.691  3 56127.57410807 45.265
 150 299.443893 -33.038331     6.417     6.440  3 56137.48974223 43.370
 151 299.440057 -33.036998     6.486     6.371  4 56147.40538715 46.171
 152 299.437320 -33.037694     8.878     6.425  5 56157.32103592 40.904
 153 299.436548 -33.037730     6.073     6.098  5 56167.23668367 40.916
 154 299.437151 -33.036471     8.588     5.979  5 56177.15232866 42.598
 155 299.440108 -33.037954     6.226     6.107  4 56187.06796963 35.546
 156 299.440759 -33.037128     6.016     5.925  4 56196.98360633 38.599
 157 299.440858 -33.037031     6.139     6.187  3 56206.89924044 39.963
 158 299.441444 -33.036836     6.262     6.256  3 56216.81487333 43.011
 159 299.441713 -33.037505     6.213     6.207  3 56226.73051560 46.379
 160 299.440344 -33.038612     5.833     5.815  4 56236.64617109 36.165
 161 299.438281 -33.037666     5.938     5.878  5 56246.56182232 36.317
 162 299.436155 -33.036751     5.749     5.733  5 56256.47746851 32.480
 163 299.434131 -33.036199     5.283     5.284  6 56266.39311093 40.281
 164 299.433724 -33.036664     5.505     5.486  6 56276.30875185 30.260
 165 299.433771 -33.036893     6.140     6.158  7 56286.22439872 35.909
 166 299.435044 -33.037402     5.777     5.792  6 56296.14004896 36.652
 167 299.435767 -33.036991     5.628     5.606  6 56306.05569484 34.155
 168 299.435046 -33.036832     5.923     5.936  6 56315.97133749 39.306
 169 299.433540 -33.037393    14.949    15.691  7 56325.88697867 27.615
 170 299.433327 -33.037200     4.886     4.715  6 56335.80261909 33.051
 171 299.436115 -33.037410     5.383     5.407  6 56345.71825876 35.607
 172 299.440804 -33.038095     5.832     5.838  4 56355.63389634 36.663
 173 299.439908 -33.037460     6.294     6.346  4 56365.54954298 33.366
 174 299.435797 -33.036497     6.367     6.372  5 56375.46519166 41.938
 176 299.428967 -33.035640     6.259     6.250  8 56395.29648037 31.208
 177 299.430275 -33.036262     6.250     6.282  8 56405.21212187 34.381
 178 299.434168 -33.037231     6.575     6.565  7 56415.12776038 41.312
 179 299.439776 -33.037633     6.753     6.700  4 56425.04339403 44.710
 180 299.438620 -33.037823     6.436     6.441  4 56434.95904090 36.582
 181 299.433313 -33.036600     6.394     6.360  7 56444.87469182 37.075
 182 299.430252 -33.036805     6.291     6.351  7 56454.79034090 30.074
 183 299.430293 -33.037329     6.380     6.379  8 56464.70598763 32.790
 184 299.432758 -33.037300     6.323     6.327  7 56474.62163089 36.790
 185 299.436334 -33.037294     6.839     6.850  6 56484.53727089 45.129
 187 299.439917 -33.037684     7.603     7.591  4 56504.36854187 45.986
 188 299.443073 -33.038326     7.392     7.378  3 56514.28417471 46.816
 189 299.441240 -33.037813     7.228     7.189  4 56524.19982528 50.175
 190 299.440006 -33.037079     6.729     6.666  4 56534.11547590 45.146
 192 299.436782 -33.036450     6.013     6.013  5 56553.94676673 43.954
 193 299.434728 -33.036832     5.702     5.656  6 56563.86240924 33.508
 194 299.433377 -33.036338     5.618     5.586  6 56573.77805061 30.579
 195 299.435214 -33.036679     5.729     5.729  6 56583.69369024 34.494
 196 299.440338 -33.036905     5.794     5.753  4 56593.60932565 37.326
 197 299.438320 -33.037340     8.715     6.271  5 56603.52497905 32.347
 198 299.435845 -33.037096     6.254     6.260  5 56613.44062811 39.235
 199 299.434658 -33.037689    19.418    20.984  6 56623.35627316 30.002
 200 299.434185 -33.037300     6.060     6.050  7 56633.27191506 36.257
 201 299.437742 -33.038331     5.829     5.806  5 56643.18755277 40.560
 202 299.436321 -33.036525     5.789     5.782  5 56653.10320340 32.279
 203 299.436042 -33.036986     5.587     5.554  6 56663.01885268 38.152
 204 299.434869 -33.036925     5.385     5.360  6 56672.93449920 36.006
 205 299.433166 -33.037344     5.613     5.569  7 56682.85014455 29.793
 206 299.432626 -33.036832    10.630    12.938  7 56692.76578788 37.929
 207 299.435481 -33.037470    10.567    10.974  6 56702.68142772 35.759
 208 299.440184 -33.038173     6.263     6.347  4 56712.59706262 30.805
 209 299.437949 -33.037959     5.786     5.861  5 56722.51271000 34.443
 210 299.432448 -33.036472     5.705     5.693  7 56732.42836079 36.846
 211 299.428448 -33.035639     5.603     5.503  8 56742.34400793 33.282
 212 299.428549 -33.036575     6.233     6.242  8 56752.25965119 36.768
 213 299.432364 -33.037478     6.566     6.572  7 56762.17528931 35.635
 214 299.438091 -33.037292     6.759     6.767  5 56772.09092047 43.400
 215 299.434252 -33.037504     6.567     6.556  6 56782.00657672 34.509
 216 299.430420 -33.037601     6.656     6.684  8 56791.92223034 35.557
 217 299.425682 -33.035288     6.862     6.869 10 56801.83788065 34.028
 218 299.426094 -33.035623     6.823     6.813 10 56811.75352474 33.286
 219 299.429252 -33.036954     6.744     6.742  8 56821.66916523 31.478
 220 299.433348 -33.036709     7.127     7.164  7 56831.58480131 41.271
 221 299.439056 -33.038039     7.254     7.290  4 56841.50043449 38.960
 222 299.440924 -33.037837     7.718     7.719  4 56851.41607194 42.550
 223 299.436271 -33.037004     7.766     7.770  5 56861.33172531 35.499
 224 299.433347 -33.037064     7.953     7.944  6 56871.24737822 53.264
 225 299.432635 -33.037804     7.617     7.632  7 56881.16302846 36.032
 226 299.431940 -33.037262     7.508     7.519  7 56891.07867480 35.563
 227 299.430357 -33.036265     7.460     7.465  7 56900.99431802 41.116
 228 299.428269 -33.036270     6.779     6.785  8 56910.90995959 31.722
 229 299.428263 -33.036557     7.204     6.700  9 56920.82560013 31.438
 230 299.431116 -33.037230     6.415     6.386  8 56930.74123911 30.761
 231 299.435804 -33.036619     6.792     6.803  5 56940.65687326 31.030
 232 299.439217 -33.037488     6.967     6.973  5 56950.57251343 39.689
 233 299.436082 -33.037543     6.996     6.993  5 56960.48816545 28.164
 234 299.432935 -33.036657     6.687     6.647  6 56970.40381211 32.564
 235 299.433286 -33.037339     6.417     6.414  6 56980.31945529 35.791
 236 299.435958 -33.037159     6.452     6.453  6 56990.23509389 38.290
 237 299.441541 -33.036673     6.512     6.459  3 57000.15072627 46.918
 238 299.439201 -33.036922     6.341     6.343  4 57010.06638063 39.566
 239 299.436673 -33.037125     6.462     6.436  5 57019.98203262 41.253
 240 299.433832 -33.036622     6.693     6.705  6 57029.89768172 33.975
 241 299.432624 -33.037268     7.045     7.045  7 57039.81332969 30.041
 242 299.432735 -33.037485     7.067     7.102  7 57049.72897562 33.780
 243 299.434570 -33.036922     7.088     7.078  6 57059.64461759 36.282
 244 299.437929 -33.038013     6.870     6.865  5 57069.56025432 34.361
 245 299.439315 -33.037002     6.839     6.933  4 57079.47588611 33.842
 246 299.439143 -33.037821     6.981     6.986  5 57089.39152428 39.813
 247 299.432467 -33.036633     6.886     6.889  7 57099.30718156 40.831
 248 299.429643 -33.036212     6.693     6.677  8 57109.22283609 44.165
 249 299.431097 -33.036769     6.322     6.316  8 57119.13848568 35.274
 250 299.432606 -33.036803     6.074     6.071  7 57129.05412914 39.985
