# NaN NaN NaN ;Mean Elev.(m), Avg Gradient(m/km), RMS Gradient(m/km) - SRTM1     
# NaN NaN NaN ;Mean Elev.(m), Avg Gradient(m/km), RMS Gradient(m/km) - ASTER GDEM
#    4.084  -1.324   2.732 ;Mean Elev.(m), Avg Gradient(m/km), RMS Gradient(m/km) - GMTED2010 
   1 299.309690 -32.808578     5.488     5.552  7 54660.05893069 22.431
   2 299.305330 -32.804348     6.322     6.287 10 54669.97457461 26.949
   3 299.304066 -32.805343     6.224     6.074 11 54679.89021823 29.331
   4 299.304641 -32.805380    15.231    13.934 11 54689.80586096 23.341
   5 299.307010 -32.804061    11.619     7.214 11 54699.72150163 23.259
   6 299.307972 -32.802115     9.609     6.708 11 54709.63714622 27.610
   7 299.307614 -32.804637     6.577     6.598 11 54719.55279836 25.626
   8 299.305133 -32.805380    13.853     6.260 11 54729.46844730 22.812
   9 299.302179 -32.805744    30.799    30.945 11 54739.38409447 19.723
  10 299.300582 -32.806238    12.788     5.860 11 54749.29974150 23.419
  11 299.300069 -32.806473    20.008    25.182 10 54759.21538823 22.768
  12 299.301036 -32.805959    28.454    27.899 11 54769.13103260 19.767
  13 299.302675 -32.804556    28.409    30.851 11 54779.04667350 23.229
  14 299.304856 -32.804590     7.151     7.173 11 54788.96231239 29.903
  15 299.305131 -32.803389    15.734    17.822 11 54798.87795014 30.547
  17 299.308420 -32.804009     6.592     6.746 11 54818.70922685 31.577
  18 299.306514 -32.804599     6.078     6.359 11 54828.62487931 27.949
  19 299.303183 -32.804964    23.258    26.869 11 54838.54051874 21.529
  20 299.299551 -32.806703     5.177     5.195 10 54848.45616860 31.846
  21 299.296976 -32.808142    29.456    28.940 10 54858.37181776 19.940
  22 299.297474 -32.811543    23.981    21.600  7 54868.28746742 25.812
  23 299.296628 -32.808221     5.826     5.787  9 54878.20311465 47.253
  24 299.298850 -32.807287     7.196     5.148 10 54888.11875941 25.367
  25 299.299487 -32.806325     6.506     6.531 11 54898.03440059 29.176
  26 299.299404 -32.807620     6.350     6.391 10 54907.95003972 27.546
  27 299.298947 -32.807566     6.882     5.899 10 54917.86567744 25.002
  28 299.299912 -32.806547     5.912     5.958 11 54927.78131519 26.802
  29 299.302732 -32.804736    22.953    26.515 11 54937.69695238 21.545
  30 299.306966 -32.803882     5.855     5.980 11 54947.61258815 29.124
  31 299.311016 -32.804143     5.981     6.127 10 54957.52822368 27.931
  32 299.307453 -32.802276     7.493     6.255 11 54967.44387160 27.094
  33 299.305545 -32.804028    23.169    26.506 11 54977.35951904 20.480
  34 299.303832 -32.804821    13.953     5.621 10 54987.27516611 22.393
  35 299.303332 -32.804899     5.591     5.585 11 54997.19081319 25.567
  36 299.303118 -32.804909     5.575     5.573 10 55007.10645848 29.700
  37 299.302314 -32.804728     9.226     5.622 11 55017.02210151 26.417
  38 299.301579 -32.806188     5.880     5.872 11 55026.93774359 29.213
  39 299.300401 -32.806497     6.493     6.509 11 55036.85338515 32.309
  40 299.301279 -32.805341    21.221    27.542 10 55046.76902591 22.051
  41 299.305477 -32.804591    11.772     6.279 11 55056.68466532 25.229
  42 299.309966 -32.803928     6.633     6.609 10 55066.60030257 28.886
  43 299.308161 -32.804289    14.541     6.434 11 55076.51595268 28.377
  44 299.304406 -32.805425    17.447    19.048 11 55086.43160045 24.089
  45 299.300604 -32.805592    19.860    24.986 10 55096.34724627 23.256
  46 299.300076 -32.806505     7.021     7.016 10 55106.26289201 33.296
  47 299.301236 -32.805989    19.576    19.419 11 55116.17853715 27.500
  48 299.303198 -32.805061    12.781     7.058 10 55126.09417992 26.906
  49 299.304806 -32.805037     7.333     7.297 11 55136.00982041 32.154
  50 299.304807 -32.804401     7.822     7.787 11 55145.92545881 34.417
  51 299.304401 -32.804240     8.172     8.186 11 55155.84109685 34.447
  52 299.305044 -32.804482     8.410     8.429 10 55165.75673548 33.365
  53 299.306558 -32.803888     8.642     8.690 11 55175.67237390 33.475
  54 299.308213 -32.803914     8.748     8.770 11 55185.58801608 33.557
  55 299.304935 -32.804227     8.715     8.742 10 55195.50366768 34.172
  56 299.301195 -32.806160     8.552     8.575 10 55205.41931808 34.413
  57 299.298337 -32.807602     8.667     8.717 10 55215.33496761 32.581
  58 299.297243 -32.807928    10.426     8.696 10 55225.25061629 30.862
  59 299.297963 -32.806510     9.371     9.366 10 55235.16626263 35.087
  60 299.301117 -32.806375     9.102     9.233 10 55245.08190599 28.463
  61 299.302009 -32.805965     9.068     9.062 11 55254.99754624 31.295
  62 299.300423 -32.805958     8.953     9.058 11 55264.91318490 29.770
  63 299.299429 -32.806608    17.949    18.334 10 55274.82882302 28.648
  64 299.300775 -32.805792     8.455     8.454 11 55284.74446056 30.519
  65 299.305011 -32.804395     8.552     8.413 10 55294.66009662 31.074
  66 299.308181 -32.802991     8.476     8.483 12 55304.57573524 34.771
  67 299.307151 -32.803697     8.392     8.373 11 55314.49138285 34.899
  68 299.305341 -32.805273     8.268     8.214 11 55324.40702847 32.071
  69 299.302733 -32.804883     8.072     8.150 10 55334.32267204 29.734
  70 299.301629 -32.804998     9.825     8.161 10 55344.23831536 29.194
  71 299.302302 -32.805141     8.076     8.100 10 55354.15395810 29.066
  72 299.303678 -32.805393    16.133    14.894 11 55364.06959877 28.547
  73 299.304434 -32.805059    21.793    21.476 11 55373.98523758 27.769
  74 299.305205 -32.805314     8.871     7.282 11 55383.90087546 26.578
  75 299.305382 -32.804021    15.769    17.177 11 55393.81651235 24.962
  76 299.307340 -32.802885    15.708     7.442 11 55403.73214948 24.256
  77 299.307510 -32.804688     6.771     6.777 11 55413.64780164 30.753
  78 299.306589 -32.803717     6.997     6.898 10 55423.56345036 24.768
  79 299.305974 -32.804112    13.484     7.017 11 55433.47909670 23.139
  80 299.303865 -32.805390    23.633    27.122 11 55443.39474122 23.581
  81 299.301555 -32.805555    27.005    29.160 10 55453.31038397 20.985
  82 299.301681 -32.805849    29.183    29.035 11 55463.22602600 19.537
  83 299.304257 -32.804710     6.028     6.020 11 55473.14166580 32.531
  84 299.307074 -32.802510    26.178    27.583 11 55483.05730259 26.240
  85 299.310947 -32.804526     6.761     6.792 10 55492.97293826 29.054
  86 299.312195 -32.804900    11.820    14.285  9 55502.88857218 27.547
  87 299.308068 -32.803776    12.556    14.696 11 55512.80421843 24.805
  88 299.304937 -32.804100    26.721    28.268 11 55522.71986832 21.287
  89 299.303314 -32.804660    24.245    28.093 10 55532.63551702 21.905
  90 299.302713 -32.805355    30.768    30.876 11 55542.55116421 20.958
  91 299.301546 -32.805193     6.451     6.538 10 55552.46680912 26.876
  92 299.300324 -32.805920    26.108    28.244 10 55562.38245271 20.361
  93 299.300623 -32.806555    28.268    28.292 11 55572.29809551 19.463
  94 299.302192 -32.806188    23.542    27.444 10 55582.21373677 22.152
  95 299.305124 -32.805196    21.216    25.903 11 55592.12937470 22.585
  96 299.308537 -32.803799     7.251     7.260 11 55602.04500918 28.450
  97 299.312125 -32.804862     7.303     7.356  9 55611.96064217 28.491
  98 299.313572 -32.805499     7.645     7.602  8 55621.87627639 32.156
  99 299.307924 -32.804551     7.840     7.824 11 55631.79192892 34.154
 100 299.304983 -32.803511     7.902     7.840 11 55641.70757962 31.954
 101 299.305024 -32.803714     8.162     8.166 11 55651.62322807 32.420
 102 299.305618 -32.803674     8.317     8.330 11 55661.53887260 33.563
 103 299.305746 -32.804919    19.842    20.015 11 55671.45451395 34.272
 104 299.304579 -32.804334     8.725     8.695 10 55681.37015294 34.289
 105 299.305629 -32.804968     8.603     8.650 11 55691.28579034 37.261
 106 299.306832 -32.803122     8.163     8.301 11 55701.20142544 35.998
 107 299.308057 -32.803160     7.914     7.873 11 55711.11706591 32.481
 108 299.306323 -32.804461     7.371     7.362 11 55721.03271518 34.440
 109 299.304027 -32.804997     7.050     7.064 10 55730.94836223 35.245
 110 299.303092 -32.805830     8.568     6.758 10 55740.86400836 25.307
 111 299.302409 -32.805116     6.735     6.717 10 55750.77965319 28.298
 112 299.303417 -32.804205    18.544    24.842 11 55760.69529596 23.446
 113 299.305572 -32.804139    13.999    14.630 10 55770.61093617 24.890
 114 299.307401 -32.803420     7.176     7.100 11 55780.52657293 28.734
 115 299.309707 -32.803683     7.402     7.319 11 55790.44220716 34.232
 116 299.312697 -32.804712     7.770     7.802  9 55800.35784027 35.720
 117 299.309389 -32.803080     7.816     7.816 10 55810.27348762 44.885
 118 299.307759 -32.802267     7.959     7.866 11 55820.18913571 40.838
 119 299.309780 -32.803886     7.953     8.000 10 55830.10477999 52.573
 120 299.312066 -32.804884     7.598     7.598 10 55840.02041964 35.037
 121 299.312778 -32.805020     7.420     7.471  9 55849.93605613 32.202
 122 299.312918 -32.804890     7.376     7.436  9 55859.85169082 31.865
 123 299.307976 -32.803127     7.615     7.590 12 55869.76734065 34.240
 133 299.304985 -32.805449    18.080    19.640 11 55968.92378568 23.992
 134 299.305131 -32.804136    27.361    29.880 10 55978.83942229 19.658
 135 299.307711 -32.803372     6.325     6.218 11 55988.75505868 28.928
 136 299.309844 -32.803573    15.078     7.040 10 55998.67070089 23.032
 137 299.307857 -32.803201    18.936    25.975 12 56008.58635221 25.187
 138 299.306072 -32.803976     8.396     6.509 11 56018.50199953 24.889
 139 299.303946 -32.805668     5.979     5.974 11 56028.41764378 31.875
 141 299.302326 -32.804854     9.495     6.204 11 56048.24892541 28.137
 142 299.304866 -32.804289     6.398     6.487 11 56058.16456249 28.768
 143 299.309322 -32.803432     6.652     6.689 11 56068.08019525 28.145
 144 299.306995 -32.804702     6.479     6.542 11 56077.99584534 32.264
 145 299.303577 -32.805148     6.447     6.466 11 56087.91149329 30.568
 146 299.302372 -32.806172     8.526     6.712 10 56097.82713923 27.155
 147 299.302791 -32.805045    19.354    20.231 10 56107.74278291 21.455
 148 299.305380 -32.804044     7.417     7.409 10 56117.65841248 31.742
 149 299.308845 -32.803620     7.634     7.678 11 56127.57405021 34.458
 150 299.311570 -32.804236     7.401     7.393  9 56137.48968437 35.433
 151 299.308416 -32.804096     7.236     7.247 11 56147.40532958 34.133
 152 299.305013 -32.803599    13.918     8.101 11 56157.32097807 30.549
 153 299.304248 -32.803637     6.875     6.878 11 56167.23662581 30.179
 154 299.306199 -32.804772    14.561     8.045 11 56177.15227140 30.562
 155 299.307128 -32.802678     7.067     7.115 11 56187.06791148 29.282
 156 299.308453 -32.803049     6.837     6.995 12 56196.98354847 32.824
 157 299.308558 -32.802947     9.022     7.558 11 56206.89918258 33.466
 158 299.309826 -32.803938     8.806     7.200 10 56216.81481577 32.124
 159 299.309427 -32.803407     7.242     7.337 11 56226.73045775 34.843
 160 299.307379 -32.803318     7.105     7.041 11 56236.64611294 32.013
 161 299.305988 -32.803569     6.911     6.893 11 56246.56176447 29.135
 162 299.305211 -32.805047     6.957     6.768 11 56256.47741125 26.975
 163 299.303869 -32.805694     5.707     5.695 11 56266.39305396 42.639
 164 299.302796 -32.804971    23.054    27.083 10 56276.30869459 26.068
 165 299.302845 -32.805209    16.013    17.399 11 56286.22434145 24.879
 166 299.303435 -32.804538     8.275     6.617 11 56296.13999140 31.693
 167 299.304151 -32.804137     8.260     6.479 11 56306.05563728 24.805
 168 299.304102 -32.805176    10.369     6.947 10 56315.97128022 25.719
 169 299.302602 -32.805732    28.529    28.479 11 56325.88692141 19.605
 170 299.302398 -32.805530    20.994    20.197 10 56335.80256183 22.710
 171 299.304512 -32.804540    25.042    26.884 11 56345.71820120 22.021
 172 299.307842 -32.802836    12.042     6.690 11 56355.63383819 27.616
 173 299.307611 -32.803397     9.935     6.702 12 56365.54948513 25.352
 174 299.304850 -32.804823     6.726     6.681 11 56375.46513439 28.950
 176 299.299394 -32.806349     6.794     6.853 10 56395.29642369 25.876
 177 299.300708 -32.806971     7.154     7.153 10 56405.21206520 29.567
 178 299.303251 -32.805554    10.931     7.361 11 56415.12770311 28.062
 179 299.306831 -32.802374     7.500     7.446 11 56425.04333588 34.569
 180 299.307015 -32.804952     7.149     7.216 11 56434.95898334 33.226
 181 299.302383 -32.804915     7.243     7.279 11 56444.87463455 27.888
 182 299.299995 -32.806305    23.111    27.269 10 56454.79028393 23.240
 183 299.299355 -32.805628     7.310     7.345 10 56464.70593037 25.810
 184 299.301804 -32.805597     7.256     7.267 11 56474.62157362 29.899
 185 299.304690 -32.804398     7.724     7.678 11 56484.53721333 32.793
 187 299.306931 -32.802397     8.797     8.744 11 56504.36848371 43.955
 188 299.310100 -32.803037     8.388     8.367 10 56514.28411656 37.598
 189 299.308276 -32.802525     8.179     8.196 11 56524.19976713 46.721
 190 299.308385 -32.804187     7.455     7.412 11 56534.11541834 33.152
 192 299.305824 -32.804758     6.734     6.681 11 56553.94670947 34.329
 193 299.303778 -32.805133    16.821    16.774 10 56563.86235197 23.622
 194 299.303115 -32.805822    13.676    15.436 11 56573.77799364 23.450
 195 299.304284 -32.804964    12.068    13.151 10 56583.69363298 24.096
 196 299.308727 -32.803995     8.261     6.773 11 56593.60926809 30.195
 197 299.306028 -32.803243    10.126     7.097 11 56603.52492119 26.603
 198 299.304896 -32.805395     7.036     7.039 11 56613.44057084 27.347
 199 299.303042 -32.804799    27.347    28.905 11 56623.35621560 24.887
 200 299.303253 -32.805611     6.842     6.867 11 56633.27185780 31.445
 201 299.305466 -32.804261     6.909     6.918 11 56643.18749492 42.996
 202 299.305392 -32.804856    22.292    21.366 11 56653.10314613 22.719
 203 299.304430 -32.804133     6.320     6.243 11 56663.01879512 27.307
 204 299.303926 -32.805270     6.152     6.161 10 56672.93444194 28.601
 205 299.302229 -32.805683    28.523    28.210 11 56682.85008728 20.430
 206 299.301699 -32.805162    29.986    30.617 11 56692.76573061 22.206
 207 299.303883 -32.804600     8.743     6.881 11 56702.68137016 27.312
 208 299.307229 -32.802913     8.541     7.095 11 56712.59700447 27.583
 209 299.305660 -32.803899     8.615     6.845 11 56722.51265215 26.258
 210 299.302182 -32.805997     6.180     6.131 10 56732.42830382 29.341
 211 299.298871 -32.806357    29.554    29.651 10 56742.34395125 19.079
 212 299.298984 -32.807291     7.146     7.129 10 56752.25959452 30.429
 213 299.301459 -32.805804     7.384     7.351 11 56762.17523204 27.088
 214 299.305836 -32.803232     7.560     7.486 11 56772.09086261 33.454
 215 299.302659 -32.804641     7.293     7.316 11 56782.00651916 27.630
 216 299.299490 -32.805931     7.622     7.654 10 56791.92217308 28.558
 217 299.297447 -32.808387    21.475    20.886 10 56801.83782457 25.666
 218 299.297184 -32.807517    17.723    19.094  9 56811.75346836 25.197
 219 299.299660 -32.807647    21.523    20.380 10 56821.66910856 25.969
 220 299.302398 -32.805010     7.964     7.933 11 56831.58474404 31.979
 221 299.306070 -32.802757     8.271     8.300 11 56841.50037633 34.022
 222 299.307936 -32.802556     8.726     8.663 11 56851.41601379 36.669
 223 299.305313 -32.805305     8.754     8.810 11 56861.33166805 31.712
 224 299.302401 -32.805364     8.770     8.792 10 56871.24732095 33.858
 225 299.301691 -32.806105     8.593     8.609 11 56881.16297119 32.864
 226 299.300996 -32.805565     8.299     8.303 11 56891.07861753 33.973
 227 299.300083 -32.805764     8.019     8.044 10 56900.99426105 31.010
 228 299.298668 -32.806960    12.781     7.400 10 56910.90990291 26.700
 229 299.297993 -32.806044    18.836    17.749 10 56920.82554316 23.901
 230 299.300177 -32.805514    12.934     7.076 10 56930.74118184 23.976
 231 299.304868 -32.804899     7.393     7.394 11 56940.65681600 28.181
 232 299.306928 -32.803381     7.925     7.818 11 56950.57245557 31.900
 233 299.304460 -32.804636     7.666     7.661 10 56960.48810789 29.176
 234 299.301988 -32.804951     7.176     7.246 10 56970.40375485 27.607
 235 299.302341 -32.805642     7.375     7.372 10 56980.31939803 40.785
 236 299.304347 -32.804273     6.883     6.840 11 56990.23503633 29.722
 237 299.309933 -32.803796     7.181     7.189 10 57000.15066871 35.955
 238 299.307593 -32.804055     7.274     7.168 11 57010.06632307 31.594
 239 299.305060 -32.804264     7.268     7.300 10 57019.98197506 28.281
 240 299.302893 -32.804956    18.770    16.483 10 57029.89762445 26.792
 241 299.301687 -32.805598    11.135     7.952 11 57039.81327242 29.220
 242 299.301801 -32.805809     9.625     8.083 11 57049.72891836 30.713
 243 299.303638 -32.805242     8.018     8.023 10 57059.64456033 30.396
 244 299.305645 -32.803943     7.936     7.839 11 57069.56019646 29.353
 245 299.307708 -32.804127     9.324     7.537 11 57079.47582855 29.284
 246 299.306867 -32.803756     7.844     7.702 11 57089.39146642 35.185
 247 299.302224 -32.806152     7.766     7.739 10 57099.30712459 31.184
 248 299.300082 -32.806926     7.599     7.616 10 57109.22277941 43.070
 249 299.300861 -32.806291     8.453     6.789 11 57119.13842871 25.933
 250 299.301691 -32.805134    10.050     6.690 11 57129.05407188 26.498
