# NaN NaN NaN ;Mean Elev.(m), Avg Gradient(m/km), RMS Gradient(m/km) - SRTM1     
# NaN NaN NaN ;Mean Elev.(m), Avg Gradient(m/km), RMS Gradient(m/km) - ASTER GDEM
#    4.519  -0.439   2.519 ;Mean Elev.(m), Avg Gradient(m/km), RMS Gradient(m/km) - GMTED2010 
   1 299.280778 -32.757208    32.962    29.320  7 54660.05891800 18.790
   2 299.285825 -32.769695    12.274    14.630 19 54669.97456605 28.937
   3 299.284561 -32.770690    13.915    14.562 18 54679.89020967 27.457
   4 299.285136 -32.770726    13.342    14.799 18 54689.80585240 26.180
   5 299.282127 -32.759844    13.506    18.303 14 54699.72149071 30.513
   6 299.279056 -32.750727    17.869    18.599  8 54709.63713353 28.333
   7 299.282727 -32.760420    12.599    18.866 14 54719.55278744 30.837
   8 299.285623 -32.770726    14.613    15.690 18 54729.46843874 25.815
   9 299.284014 -32.773481    27.594    28.414 16 54739.38408650 24.401
  10 299.284435 -32.777561    11.837    13.926 13 54749.29973442 33.767
  11 299.284596 -32.778991    26.029    27.547 13 54759.21538145 22.048
  12 299.284891 -32.777282    27.097    27.347 13 54769.13102551 22.811
  13 299.283842 -32.771101    28.516    28.280 17 54779.04666524 25.125
  14 299.285349 -32.769941     7.171     7.188 18 54788.96230383 33.506
  15 299.284952 -32.767545    15.811    17.850 17 54798.87794128 33.812
  17 299.280177 -32.753825    10.963     6.665  9 54818.70921445 30.180
  18 299.284321 -32.765168    13.140    17.226 16 54828.62486957 27.147
  19 299.284351 -32.771509    23.694    27.250 17 54838.54051048 23.437
  20 299.284753 -32.780417    15.610    16.428 12 54848.45616211 27.233
  24 299.286743 -32.785783    27.673    27.440  8 54888.11875410 22.819
  25 299.284689 -32.780043    17.440    16.148 11 54898.03439409 27.374
  26 299.285950 -32.783727    11.679     6.310 10 54907.95003381 29.189
  27 299.286838 -32.786063    13.183    14.798  8 54917.86567212 27.325
  28 299.284441 -32.779068    14.131    15.645 12 54927.78130840 28.338
  29 299.283899 -32.771282    22.224    26.738 17 54937.69694412 23.740
  30 299.282755 -32.760868    12.146    19.103 13 54947.61257752 29.216
  31 299.280753 -32.750375    27.152    26.974  5 54957.52821040 22.306
  32 299.279207 -32.752092    27.590    26.931  9 54967.44385920 21.651
  33 299.284694 -32.766988    22.327    26.420 18 54977.35950989 22.339
  34 299.284998 -32.771365    23.147    26.533 18 54987.27515785 24.345
  35 299.284499 -32.771444    11.370     5.940 17 54997.19080493 27.298
  36 299.284285 -32.771454     7.709     5.666 18 55007.10645021 29.461
  37 299.283482 -32.771272    24.610    26.113 17 55017.02209324 24.929
  38 299.284762 -32.776316     6.013     5.998 14 55026.93773621 28.338
  39 299.284257 -32.777819    17.636    17.933 13 55036.85337806 27.028
  40 299.284464 -32.775467    19.698    25.426 15 55046.76901853 24.921
  41 299.285298 -32.768741    10.960     6.862 19 55056.68465647 29.789
  42 299.279030 -32.748957    17.161    17.365  6 55066.60028899 28.003
  43 299.281255 -32.756489    20.257    24.417 11 55076.51594087 31.358
  44 299.284897 -32.770772     7.613     6.482 18 55086.43159189 31.500
  45 299.285130 -32.778109     8.973     6.541 13 55096.34723948 27.836
  46 299.284602 -32.779022     8.289     7.057 13 55106.26288522 29.139
  47 299.284419 -32.776117    17.617    23.043 14 55116.17852977 29.720
  48 299.284363 -32.771606     9.351     7.238 18 55126.09417165 31.369
  49 299.285298 -32.770388     8.541     7.516 18 55136.00981185 32.843
  50 299.285299 -32.769752     9.927     7.819 18 55145.92545025 35.353
  51 299.284895 -32.769590    10.371     8.382 18 55155.84108829 36.106
  52 299.285539 -32.769832     9.468     8.490 19 55165.75672692 36.141
  53 299.283693 -32.763262     8.684     8.651 15 55175.67236387 38.425
  54 299.280642 -32.754924    14.473     9.001 10 55185.58800397 36.314
  55 299.285431 -32.769576    11.787     8.936 19 55195.50365912 35.203
  56 299.285052 -32.777485     8.828     8.841 14 55205.41931099 36.144
  57 299.287574 -32.788486    11.532     8.624  6 55215.33496289 34.213
  58 299.289170 -32.793592     8.412     8.412  2 55225.25061275 30.321
  59 299.287200 -32.787395     9.467     9.450  6 55235.16625791 45.286
  60 299.284974 -32.777704    10.408     9.271 14 55245.08189891 32.041
  61 299.283848 -32.773710    11.465     9.393 16 55254.99753827 34.097
  62 299.284279 -32.777286     9.047     9.089 13 55264.91317781 32.596
  63 299.285303 -32.781520    16.461    16.306 11 55274.82881682 30.105
  64 299.284633 -32.777118     9.746     8.639 13 55284.74445348 30.208
  65 299.285507 -32.769746    11.381     8.610 19 55294.66008806 33.626
  66 299.279263 -32.751613    13.877    16.108  7 55304.57572254 32.834
  67 299.281592 -32.758294     8.401     8.403 13 55314.49137164 38.652
  68 299.285160 -32.769429    12.246     8.425 19 55324.40701961 32.774
  69 299.284572 -32.772623    12.571     8.387 17 55334.32266407 29.118
  70 299.284141 -32.773932    10.607     8.454 16 55344.23830769 32.799
  71 299.284142 -32.772880    11.515     8.366 17 55354.15395013 28.295
  72 299.284845 -32.771938    13.212     8.216 17 55364.06959050 28.044
  73 299.284929 -32.770408    18.936    18.789 18 55373.98522902 28.173
  74 299.285700 -32.770662    10.765     7.519 18 55383.90086690 31.201
  75 299.285877 -32.769368     9.514     7.334 18 55393.81650379 32.027
  76 299.279769 -32.753889    15.478    23.189 10 55403.73213738 30.203
  77 299.282625 -32.760472    11.600     7.344 14 55413.64779071 32.874
  78 299.283046 -32.761892    11.560     7.349 15 55423.56344003 32.732
  79 299.283773 -32.764678     7.048     7.003 16 55433.47908696 33.709
  80 299.284354 -32.770736    21.440    26.388 18 55443.39473266 27.513
  81 299.284736 -32.775682    23.932    26.950 15 55453.31037659 26.167
  82 299.284191 -32.774780    27.166    27.094 15 55463.22601833 24.591
  83 299.284750 -32.770058    12.767    14.562 18 55473.14165724 29.388
  84 299.280844 -32.755909    22.738    26.255 10 55483.05729108 33.488
  85 299.280008 -32.749563    17.178    16.979  6 55492.97292468 26.146
  86 299.280585 -32.748741    17.353    16.747  4 55502.88855831 25.373
  87 299.280494 -32.754786    17.218    24.287 10 55512.80420632 34.127
  88 299.285432 -32.769448    13.208    15.353 18 55522.71985976 30.834
  89 299.284482 -32.771203    16.295    16.246 18 55532.63550875 28.114
  90 299.283880 -32.771898    27.955    28.011 17 55542.55115595 28.960
  91 299.284057 -32.774127    18.596    17.890 16 55552.46680145 26.946
  92 299.284853 -32.778439    21.586    27.479 13 55562.38244592 24.095
  93 299.284481 -32.777880    27.848    28.026 13 55572.29808842 22.735
  94 299.284706 -32.775123    20.511    19.617 16 55582.21372909 26.196
  95 299.285621 -32.770549    13.609    14.921 18 55592.12936614 29.550
  96 299.279622 -32.752426    20.004    25.180  8 55602.04499648 29.369
  97 299.280520 -32.748712    22.034    26.709  4 55611.96062830 26.932
  98 299.281295 -32.748153    12.627     7.925  4 55621.87626222 28.929
  99 299.281698 -32.757955    12.858     8.286 12 55631.79191741 37.965
 100 299.285479 -32.768862    12.235     8.306 18 55641.70757106 34.843
 101 299.285519 -32.769065    11.371     8.345 18 55651.62321951 35.110
 102 299.284094 -32.765440    11.689     8.487 17 55661.53886316 36.827
 103 299.285566 -32.769076    19.075    17.768 19 55671.45450510 35.760
 104 299.285744 -32.770880    12.732     8.804 18 55681.37014467 35.367
 105 299.285452 -32.769124     8.579     8.621 19 55691.28578149 36.788
 106 299.281952 -32.758912     8.366     8.505 12 55701.20141452 39.325
 107 299.279817 -32.752976    14.464     8.572  9 55711.11705351 34.962
 108 299.284130 -32.765032     7.452     7.338 16 55721.03270544 34.931
 109 299.285195 -32.771542    13.440    15.005 18 55730.94835396 31.672
 110 299.284259 -32.772374    13.857    15.420 18 55740.86400009 28.625
 111 299.284249 -32.772854    13.847     7.851 17 55750.77964522 28.392
 112 299.284583 -32.770746    10.666     7.228 17 55760.69528769 31.407
 113 299.286065 -32.769486    10.666     7.371 18 55770.61092761 33.563
 114 299.280496 -32.755620    14.847    21.849 11 55780.52656112 35.190
 115 299.279440 -32.749909    17.432    17.717  6 55790.44219388 29.962
 116 299.281085 -32.748549     8.000     7.832  4 55800.35782639 31.478
 117 299.279798 -32.750502     7.892     7.847  6 55810.27347463 38.708
 118 299.278842 -32.750884    12.778    13.713  8 55820.18912302 34.496
 119 299.278846 -32.748920     8.100     8.074  6 55830.10476641 39.384
 120 299.280459 -32.748725     7.689     7.659  5 55840.02040576 34.760
 121 299.281169 -32.748862    12.420     7.754  4 55849.93604225 31.015
 122 299.281310 -32.748730    12.387     7.838  4 55859.85167694 30.242
 123 299.279060 -32.751746    16.046    22.612  9 55869.76732796 37.732
 133 299.285479 -32.770804    14.951    15.914 18 55968.92377712 28.149
 134 299.285627 -32.769489    17.842    17.537 19 55978.83941373 28.448
 135 299.280141 -32.754386    22.865    25.040 10 55988.75504658 33.779
 136 299.279586 -32.749807    23.920    27.076  5 55998.67068760 23.674
 137 299.278941 -32.751824    25.348    27.317  9 56008.58633951 30.086
 138 299.283877 -32.764548    14.507    18.083 16 56018.50198979 31.077
 139 299.284439 -32.771020     6.188     6.190 18 56028.41763522 42.330
 141 299.283494 -32.771400    24.184    26.684 17 56048.24891715 25.607
 142 299.285364 -32.769640    15.754    15.853 18 56058.16455393 28.567
 143 299.279066 -32.749664     6.696     6.736  6 56068.08018197 37.834
 144 299.282787 -32.761688     8.168     6.772 15 56077.99583471 33.456
 145 299.284745 -32.771692    11.669     6.940 17 56087.91148502 28.096
 146 299.284212 -32.773910    17.166    16.543 17 56097.82713126 27.577
 147 299.284630 -32.772783    12.803     7.497 17 56107.74277494 28.077
 148 299.285874 -32.769391    10.750     7.611 18 56117.65840392 34.956
 149 299.279251 -32.751041    16.090    15.678  7 56127.57403722 31.549
 150 299.280630 -32.749267    15.480    10.409  5 56137.48967079 30.804
 151 299.280166 -32.753907    14.916     7.465  9 56147.40531719 35.822
 152 299.285506 -32.768946    14.404    16.366 18 56157.32096951 35.912
 153 299.284741 -32.768984     7.150     7.119 18 56167.23661725 34.825
 154 299.284675 -32.766536    13.571    16.243 17 56177.15226195 35.420
 155 299.280226 -32.754882    14.480    21.819 11 56187.06789968 35.593
 156 299.279533 -32.751669    18.455    19.240  7 56196.98353578 28.403
 157 299.278968 -32.750371    21.767    26.874  7 56206.89916959 31.131
 158 299.278893 -32.748970    21.058    21.198  6 56216.81480219 29.207
 159 299.279167 -32.749633    17.335    17.216  6 56226.73044446 31.371
 160 299.280479 -32.755518    14.556    21.778 11 56236.64610113 36.615
 161 299.283121 -32.762940    12.589     9.058 15 56246.56175443 34.154
 162 299.285705 -32.770394    12.632    14.518 18 56256.47740269 31.941
 163 299.284364 -32.771042    14.740    15.671 18 56266.39304540 29.574
 164 299.284637 -32.772709    25.993    27.152 17 56276.30868662 28.144
 165 299.284014 -32.771754    15.419    16.110 17 56286.22433319 27.685
 166 299.284603 -32.771085     9.034     6.894 17 56296.13998314 30.558
 167 299.284646 -32.769491    12.670    14.293 18 56306.05562872 28.971
 168 299.285268 -32.771725    13.770    15.203 18 56315.97127196 28.388
 169 299.283769 -32.772280    20.002    18.259 17 56325.88691314 25.635
 170 299.284239 -32.773272    16.512    16.761 17 56335.80255386 24.592
 171 299.285008 -32.769891    15.885    16.390 18 56345.71819264 28.919
 172 299.279599 -32.752654    24.656    26.604  9 56355.63382579 27.177
 173 299.280710 -32.755605    13.199     7.421 10 56365.54947332 33.251
 174 299.285343 -32.770175     9.254     7.311 18 56375.46512583 31.672
 176 299.284597 -32.780064    21.697    25.687 12 56395.29641720 25.358
 177 299.285238 -32.779492    15.515    17.321 13 56405.21205841 27.114
 178 299.284421 -32.772100    11.089     7.616 17 56415.12769484 30.151
 179 299.281279 -32.756971    13.014     7.835 11 56425.04332466 38.366
 180 299.282805 -32.761939     7.405     7.369 15 56434.95897271 36.444
 181 299.283551 -32.771460    14.198    15.652 17 56444.87462629 29.115
 182 299.284524 -32.778823    23.967    26.583 13 56454.79027714 25.958
 183 299.284556 -32.779340    19.626    18.657 12 56464.70592387 26.564
 184 299.283641 -32.773334    12.034     7.501 16 56474.62156565 29.083
 185 299.285180 -32.769745    10.001     7.920 18 56484.53720477 35.772
 187 299.280699 -32.755794     8.672     8.593 10 56504.36847220 40.434
 188 299.279840 -32.749263     8.470     8.475  5 56514.28410328 36.772
 189 299.278689 -32.749946     8.107     8.108  7 56524.19975414 37.326
 190 299.280812 -32.755196    13.521     7.835 10 56534.11540623 36.353
 192 299.285644 -32.768912    11.496     7.356 19 56553.94670061 33.480
 193 299.284944 -32.771676    12.654    14.311 18 56563.86234371 30.172
 194 299.284282 -32.772364    13.835    14.983 17 56573.77798537 28.304
 195 299.285452 -32.771504    12.141     7.591 18 56583.69362471 31.587
 196 299.279812 -32.752609    19.727    25.304  8 56593.60925540 29.738
 197 299.283161 -32.762614    12.577     9.181 15 56603.52491116 33.220
 198 299.285389 -32.770743    11.627     7.772 18 56613.44056228 31.398
 199 299.284209 -32.771343    27.137    27.145 17 56623.35620733 29.553
 200 299.284421 -32.772155     7.142     7.161 17 56633.27184953 31.344
 201 299.285291 -32.768417     6.946     6.935 19 56643.18748606 37.332
 202 299.285215 -32.769014    17.872    16.637 19 56653.10313727 28.788
 203 299.284925 -32.769487    13.793    15.253 18 56663.01878656 28.340
 204 299.285092 -32.771819    14.811    15.785 18 56672.93443367 27.288
 205 299.283396 -32.772231    24.852    27.302 17 56682.85007902 24.184
 206 299.283540 -32.772904    26.630    28.640 16 56692.76572264 27.162
 207 299.284380 -32.769951    14.976    15.762 18 56702.68136160 29.296
 208 299.281004 -32.756316    15.459    21.300 12 56712.59699296 33.236
 209 299.284811 -32.766861    15.919    17.207 18 56722.51264300 28.427
 210 299.284021 -32.773739    13.676    15.013 17 56732.42829585 30.522
 211 299.285418 -32.782462    27.985    27.834 10 56742.34394535 21.015
 212 299.286204 -32.784592    11.263     7.368  9 56752.25958891 31.883
 213 299.284647 -32.775936    10.123     7.601 14 56762.17522466 29.884
 214 299.282976 -32.762610     9.065     7.744 15 56772.09085258 36.855
 215 299.283829 -32.771189    13.126    14.144 17 56782.00651089 30.044
 216 299.284692 -32.779647    16.643    16.734 12 56791.92216658 27.207
 217 299.289374 -32.794050    26.004    26.004  2 56801.83782103 24.935
 218 299.289110 -32.793180    25.898    25.844  3 56811.75346482 25.487
 219 299.286205 -32.783750    27.294    27.314 10 56821.66910265 26.066
 220 299.283564 -32.771553    12.377     8.304 17 56831.58473577 31.253
 221 299.282528 -32.760934    11.000     8.499 14 56841.50036600 37.723
 222 299.279016 -32.751174    11.083     8.929  8 56851.41600110 37.087
 223 299.285132 -32.769458    10.669     8.866 19 56861.33165919 34.260
 224 299.284239 -32.773102    11.813     8.866 17 56871.24731298 34.419
 225 299.284202 -32.775038     9.860     8.679 15 56881.16296352 32.393
 226 299.284852 -32.776888     8.472     8.484 13 56891.07861045 36.406
 227 299.284610 -32.778283     9.492     8.176 13 56900.99425426 31.946
 228 299.286558 -32.785452    16.523    17.389  8 56910.90989760 28.069
 229 299.286556 -32.785731    17.739    17.987  7 56920.82553814 24.960
 230 299.284706 -32.778030    17.666    23.841 13 56930.74117505 25.914
 231 299.285363 -32.770243    12.893    14.480 18 56940.65680744 30.822
 232 299.282046 -32.759164    12.687     8.178 12 56950.57244465 36.375
 233 299.285625 -32.771177    13.652    15.698 18 56960.48809963 30.741
 234 299.283826 -32.772688    13.834     7.815 17 56970.40374688 28.534
 235 299.284179 -32.773380    11.964     7.656 17 56980.31939006 39.641
 236 299.284842 -32.769622     7.276     7.260 18 56990.23502777 29.168
 237 299.279674 -32.750027     7.097     7.087  5 57000.15065543 38.793
 238 299.281367 -32.757458    17.306    22.057 12 57010.06631156 37.200
 239 299.285556 -32.769617    14.725    16.236 19 57019.98196650 29.786
 240 299.284733 -32.772698    20.419    19.544 17 57029.89761648 28.034
 241 299.284198 -32.774534    11.850     8.157 15 57039.81326475 29.042
 242 299.284314 -32.774745    13.255    15.218 15 57049.72891068 28.834
 243 299.284806 -32.771787    13.287    14.661 18 57059.64455206 30.276
 244 299.284797 -32.766903    15.459    17.094 18 57069.56018731 32.784
 245 299.281482 -32.757529    19.852    24.827 12 57079.47581704 31.788
 246 299.282659 -32.760743     7.927     7.881 13 57089.39145579 35.928
 247 299.284066 -32.773894    10.094     7.963 17 57099.30711662 32.821
 248 299.284613 -32.779447     7.891     7.913 13 57109.22277262 48.276
 249 299.284720 -32.777618    23.899    27.024 13 57119.13842163 24.281
 250 299.283533 -32.772876    17.476    17.513 16 57129.05406391 27.609
