# NaN NaN NaN ;Mean Elev.(m), Avg Gradient(m/km), RMS Gradient(m/km) - SRTM1     
# NaN NaN NaN ;Mean Elev.(m), Avg Gradient(m/km), RMS Gradient(m/km) - ASTER GDEM
#    5.293  -0.120   1.600 ;Mean Elev.(m), Avg Gradient(m/km), RMS Gradient(m/km) - GMTED2010 
   1 299.400191 -32.968873     6.502     6.399 10 54660.05897031 26.555
   2 299.399068 -32.970379    12.818    13.029 11 54669.97461564 31.100
   3 299.397806 -32.971379     5.622     5.640 12 54679.89025927 35.478
   4 299.397703 -32.970229    13.874    15.701 11 54689.80590169 26.976
   5 299.400068 -32.968915     8.659     8.926 11 54699.72154236 29.499
   6 299.401708 -32.968165     6.451     6.416 10 54709.63718726 35.242
   7 299.400012 -32.968295     6.211     6.004 10 54719.55283880 31.606
   8 299.398216 -32.970228    15.921    16.808 11 54729.46848804 25.894
   9 299.396613 -32.972976    18.423    18.288 13 54739.38413579 27.449
  10 299.395012 -32.973466     5.346     5.329 13 54749.29978283 43.284
  11 299.394494 -32.973697     6.170     6.182 14 54759.21542956 52.489
  12 299.395456 -32.973178    17.673    17.465 13 54769.13107392 25.570
  13 299.397093 -32.971770    12.541    10.464 13 54779.04671483 27.993
  14 299.398601 -32.970605     6.695     6.697 12 54788.96235342 37.735
  15 299.399549 -32.970598     7.251     6.909 11 54798.87799146 34.942
  17 299.400803 -32.967643     7.618     7.602 10 54818.70926729 31.698
  18 299.399570 -32.969428    13.167    13.172 11 54828.62492005 29.047
  19 299.396914 -32.970986     4.877     4.636 12 54838.54055977 30.654
  20 299.393959 -32.973915     9.683     4.946 14 54848.45620993 28.177
  21 299.392058 -32.976545    22.472    25.004 15 54858.37185938 23.900
  22 299.391208 -32.977553    19.199    18.780 16 54868.28750845 27.112
  23 299.392378 -32.977809     5.129     5.071 15 54878.20315657 38.554
  24 299.393927 -32.975676    14.562    14.522 15 54888.11880103 32.010
  25 299.394568 -32.974709     5.617     5.548 14 54898.03444221 36.880
  26 299.393818 -32.974809     5.566     5.520 14 54907.95008104 35.533
  27 299.393362 -32.974761    16.783    17.125 14 54917.86571876 25.618
  28 299.395000 -32.974942     5.243     5.279 14 54927.78135681 33.919
  29 299.397143 -32.971943    16.431    13.567 13 54937.69699371 27.142
  30 299.400029 -32.968705     5.340     5.283 11 54947.61262889 29.348
  31 299.402059 -32.965386     5.174     5.105  9 54957.52826353 37.660
  32 299.401196 -32.968297     4.829     4.966 10 54967.44391263 35.588
  33 299.398612 -32.968855    18.529    16.444 11 54977.35955978 23.021
  34 299.397572 -32.970842    13.508    17.094 11 54987.27520714 26.311
  35 299.397069 -32.970921     5.254     5.274 12 54997.19085422 35.328
  36 299.397529 -32.972126     5.344     5.335 12 55007.10649980 45.169
  37 299.396724 -32.971947     5.205     5.167 13 55017.02214283 35.882
  38 299.395991 -32.973410     5.343     5.309 13 55026.93778492 34.913
  39 299.394813 -32.973726    13.938    14.820 13 55036.85342647 31.718
  40 299.396366 -32.973770    13.240    12.999 13 55046.76906753 30.651
  41 299.398541 -32.969439    13.297    13.874 11 55056.68470606 34.256
  42 299.402364 -32.967582     6.359     6.275  9 55066.60034301 36.948
  43 299.400566 -32.967940     7.110     6.490 10 55076.51599312 34.325
  44 299.398166 -32.971463    10.961     9.854 12 55086.43164148 32.132
  45 299.395709 -32.974016    12.830    15.160 13 55096.34728789 30.873
  46 299.394501 -32.973730     6.605     6.594 14 55106.26293333 44.981
  47 299.395659 -32.973210    10.481     8.455 13 55116.17857847 33.554
  48 299.397621 -32.972276     6.953     6.681 12 55126.09422124 35.330
  49 299.397879 -32.969858     7.031     7.037 11 55136.00986114 36.105
  50 299.398553 -32.970416     7.163     7.122 12 55145.92549984 39.524
  51 299.398142 -32.970259     7.643     7.594 12 55155.84113788 40.080
  52 299.398780 -32.970505     7.916     7.891 11 55165.75677651 43.448
  53 299.399615 -32.968719     8.099     8.000 11 55175.67241464 44.476
  54 299.400595 -32.967550     8.120     8.152 10 55185.58805652 41.981
  55 299.398668 -32.970249     8.318     8.282 11 55195.50370871 41.018
  56 299.395602 -32.973374     8.205     8.287 14 55205.41935940 38.117
  57 299.393415 -32.976006     8.485     8.277 15 55215.33500924 33.635
  58 299.392317 -32.976328     8.216     8.270 15 55225.25065791 32.033
  59 299.393713 -32.976097     8.842     8.571 14 55235.16630455 35.169
  60 299.395525 -32.973567     8.686     8.714 14 55245.08194732 36.286
  61 299.396425 -32.973153     8.746     8.795 13 55254.99758756 38.400
  62 299.394838 -32.973148     8.593     8.673 13 55264.91322622 34.542
  63 299.393839 -32.973807     8.823     9.237 14 55274.82886435 33.766
  64 299.395182 -32.972998     8.073     8.082 13 55284.74450189 35.201
  65 299.398746 -32.970411     7.911     7.935 11 55294.66013765 38.643
  66 299.401247 -32.967812     7.963     7.879 10 55304.57577597 42.401
  67 299.400226 -32.968519     7.805     7.815 11 55314.49142359 44.883
  68 299.398416 -32.970096     7.656     7.699 11 55324.40706920 38.212
  69 299.397149 -32.972098     7.702     7.729 12 55334.32271336 33.943
  70 299.396714 -32.973409     8.532     7.756 13 55344.23835698 36.811
  71 299.396711 -32.972357     7.447     7.476 12 55354.15399943 39.452
  72 299.397414 -32.971416    10.922    11.411 12 55364.06963980 33.092
  73 299.398172 -32.971083    15.059    15.803 12 55373.98527861 31.845
  74 299.398266 -32.970150    12.062    14.153 11 55383.90091620 32.901
  75 299.398439 -32.968866     9.924     6.512 11 55393.81655309 34.467
  76 299.401071 -32.968928    11.865    13.222 10 55403.73219051 31.173
  77 299.399904 -32.968343     7.133     6.554 10 55413.64784208 36.157
  78 299.399668 -32.968564     9.786     6.599 10 55423.56349110 33.049
  79 299.399062 -32.968957     8.708     9.128 11 55433.47913744 34.869
  80 299.397629 -32.971426    16.216    17.058 12 55443.39478226 26.784
  81 299.395986 -32.972786    19.510    19.999 12 55453.31042529 27.084
  82 299.396103 -32.973078    13.887    15.383 13 55463.22606733 29.756
  83 299.398000 -32.970741     5.436     5.421 12 55473.14170683 42.816
  84 299.400818 -32.968535    11.000    10.725 10 55483.05734362 36.804
  85 299.401998 -32.965768     6.122     6.071  9 55492.97297811 31.339
  86 299.403244 -32.966143     9.620     9.767  8 55502.88861203 30.153
  87 299.400457 -32.967414    12.668    12.825 10 55512.80425887 37.741
  88 299.398670 -32.970131    14.526    15.134 12 55522.71990935 30.986
  89 299.397723 -32.971887    15.103    16.008 12 55532.63555834 29.815
  90 299.396451 -32.971384    17.267    15.920 12 55542.55120524 28.185
  91 299.396636 -32.973607     6.334     6.318 13 55552.46685074 35.708
  92 299.395410 -32.974330    13.892    13.735 13 55562.38249433 28.364
  93 299.395027 -32.973768    14.115    15.589 13 55572.29813683 26.942
  94 299.395915 -32.972201    13.065    15.732 13 55582.21377780 28.908
  95 299.398173 -32.970009     8.216     6.443 11 55592.12941544 32.018
  96 299.400916 -32.967411     7.373     6.984 10 55602.04504962 36.276
  97 299.403161 -32.966083     8.023     6.973  8 55611.96068202 31.647
  98 299.403933 -32.965529     7.110     7.119  8 55621.87631594 36.051
  99 299.400304 -32.968170     7.399     7.409 10 55631.79196936 41.369
 100 299.399385 -32.970719     7.375     7.211 11 55641.70762095 36.851
 101 299.399433 -32.970925     7.636     7.713 11 55651.62326940 38.645
 102 299.399360 -32.969689     7.812     7.844 10 55661.53891363 39.002
 103 299.398821 -32.969739    11.032     8.010 11 55671.45455469 40.147
 104 299.398324 -32.970349     8.055     8.085 11 55681.37019397 41.337
 105 299.398690 -32.969791     7.944     7.925 11 55691.28583108 43.104
 106 299.400556 -32.969143     7.746     7.757 10 55701.20146647 42.112
 107 299.401103 -32.967986     7.473     7.442  9 55711.11710665 40.226
 108 299.399375 -32.969288     6.873     6.911 11 55721.03275592 45.464
 109 299.397760 -32.971020    11.259    10.752 11 55730.94840326 30.894
 110 299.396830 -32.971857    10.929    10.834 13 55740.86404939 29.309
 111 299.396823 -32.972343    10.919    10.443 12 55750.77969452 28.456
 112 299.397157 -32.970243     9.895     6.583 12 55760.69533699 31.304
 113 299.399318 -32.970179    11.119    12.993 11 55770.61097720 32.045
 114 299.400480 -32.968265     8.168     7.362 11 55780.52661367 36.462
 115 299.402115 -32.967331     6.993     6.936 10 55790.44224760 43.315
 116 299.403751 -32.965970     7.249     7.203  8 55800.35788012 39.656
 117 299.401784 -32.966725     7.237     7.174  9 55810.27352806 46.365
 118 299.401496 -32.968299     7.353     7.322 10 55820.18917674 48.475
 119 299.402168 -32.967525     7.314     7.236  9 55830.10482043 47.450
 120 299.403110 -32.966130     7.104     7.090  9 55840.02045949 36.318
 121 299.403150 -32.965069     6.964     6.928  9 55849.93609568 33.425
 122 299.403963 -32.966136     6.945     7.019  8 55859.85173067 33.522
 123 299.401036 -32.967962     7.247     7.207 10 55869.76738138 40.108
 133 299.398044 -32.970253    14.795    14.905 11 55968.92382641 30.070
 134 299.398862 -32.970140    16.571    17.956 11 55978.83946332 26.243
 135 299.400088 -32.966993     7.215     6.682 10 55988.75509912 31.111
 136 299.402224 -32.967197    17.211    15.330  9 55998.67074133 26.406
 137 299.400916 -32.968021    13.096    13.323 10 56008.58639294 26.852
 138 299.399137 -32.968795     5.690     5.693 11 56018.50204027 32.644
 139 299.397689 -32.971682    14.135    15.195 12 56028.41768481 32.133
 141 299.396731 -32.972063     6.003     5.830 13 56048.24896674 34.680
 142 299.398590 -32.970306     7.287     7.179 12 56058.16460352 33.567
 143 299.401692 -32.967062    11.313    11.307 10 56068.08023569 32.424
 144 299.399370 -32.968332     6.051     6.070 10 56077.99588578 41.739
 145 299.397307 -32.971170     6.032     6.005 12 56087.91153432 34.804
 146 299.396107 -32.972199     6.031     6.142 13 56097.82718026 35.684
 147 299.397205 -32.972272     9.968     6.530 12 56107.74282423 33.376
 148 299.399125 -32.970079     6.996     7.070 11 56117.65845351 38.270
 149 299.401246 -32.967268     7.148     7.135 10 56127.57409065 45.371
 150 299.403301 -32.966690     6.983     6.894  9 56137.48972452 35.987
 151 299.400819 -32.967745     6.985     6.774 10 56147.40537002 40.802
 152 299.399436 -32.970830     9.487     8.111 11 56157.32101939 37.444
 153 299.398666 -32.970867     8.492     6.506 11 56167.23666714 35.973
 154 299.399270 -32.969608    13.098    13.697 11 56177.15231213 34.815
 155 299.400872 -32.968706    12.143    12.985 10 56187.06795251 30.991
 156 299.401523 -32.967881     8.307     7.166 10 56196.98358921 32.582
 157 299.401625 -32.967782     5.862     6.167  9 56206.89922331 38.015
 158 299.402213 -32.967584    10.517     7.989  9 56216.81485621 32.854
 159 299.401808 -32.967057     7.456     6.827 10 56226.73049819 36.983
 160 299.401112 -32.969358     6.234     6.208 10 56236.64615397 35.783
 161 299.399725 -32.969607     6.902     6.310 10 56246.56180550 33.132
 162 299.398276 -32.969887    15.829    16.790 11 56256.47745198 26.642
 163 299.397606 -32.971724     5.283     5.301 12 56266.39309499 35.933
 164 299.397201 -32.972192    20.542    23.839 12 56276.30873591 25.330
 165 299.396573 -32.971229     6.441     6.482 12 56286.22438248 31.428
 166 299.397167 -32.970548     6.179     6.159 12 56296.14003243 35.324
 167 299.397888 -32.970140    15.704    15.989 12 56306.05567831 30.409
 168 299.397843 -32.971176     8.181     6.322 11 56315.97132125 32.160
 169 299.396339 -32.971735    20.436    19.403 12 56325.88696244 25.218
 170 299.396804 -32.972734    18.838    18.418 12 56335.80260315 27.871
 171 299.398240 -32.970555    15.514    16.031 12 56345.71824223 26.344
 172 299.400897 -32.967658     6.827     6.405  9 56355.63387892 31.755
 173 299.400675 -32.968217    10.180     6.614 10 56365.54952586 35.592
 174 299.397917 -32.969642     6.718     6.745 11 56375.46517513 36.520
 176 299.393798 -32.973559     6.586     6.597 14 56395.29646502 30.447
 177 299.395108 -32.974181     6.667     6.705 14 56405.21210652 38.376
 178 299.396972 -32.971569    10.889     6.971 12 56415.12774414 34.545
 179 299.400551 -32.968390     7.227     7.207 10 56425.04337691 40.692
 180 299.399393 -32.968579     7.532     7.010 10 56434.95902378 37.630
 181 299.396790 -32.972130     7.685     6.772 13 56444.87467588 33.460
 182 299.394404 -32.973526    13.255    13.580 14 56454.79032526 28.210
 183 299.394444 -32.974048    10.080     6.867 13 56464.70597199 29.912
 184 299.396228 -32.972824     7.391     6.762 13 56474.62161495 32.899
 185 299.398447 -32.970431     7.353     7.304 12 56484.53725436 42.787
 187 299.400679 -32.968433     7.951     7.934 10 56504.36852475 52.891
 188 299.402488 -32.966686     7.918     7.924  9 56514.28415700 46.311
 189 299.401333 -32.967367     7.592     7.621  9 56524.19980786 48.091
 190 299.400774 -32.967829     6.987     6.889 10 56534.11545878 39.623
 192 299.398899 -32.969590     6.320     6.316 11 56553.94675020 35.351
 193 299.397523 -32.971164    17.090    17.546 11 56563.86239300 26.116
 194 299.396852 -32.971860    19.880    22.971 12 56573.77803467 25.034
 195 299.398015 -32.971006     7.257     7.134 11 56583.69367401 32.430
 196 299.401109 -32.967650    10.140     6.649 10 56593.60930853 29.094
 197 299.399765 -32.969281    10.292     6.652 10 56603.52496222 33.914
 198 299.397964 -32.970233     6.690     6.786 11 56613.44061158 33.250
 199 299.396779 -32.970828    17.986    18.067 12 56623.35625663 28.529
 200 299.396985 -32.971634     6.393     6.353 12 56633.27189883 37.274
 201 299.398515 -32.969086     6.237     6.180 11 56643.18753565 36.407
 202 299.398446 -32.969672    20.571    18.508 11 56653.10318687 24.020
 203 299.398164 -32.970135     5.783     5.761 12 56663.01883615 30.520
 204 299.397666 -32.971269     8.725     6.038 11 56672.93448297 28.697
 205 299.396641 -32.972880    19.441    18.928 13 56682.85012861 26.379
 206 299.396103 -32.972366    16.191    17.401 13 56692.76577194 27.078
 207 299.397607 -32.970615    10.012     6.902 12 56702.68141119 32.333
 208 299.400956 -32.968929     9.706     7.489 10 56712.59704550 31.749
 209 299.398718 -32.968717    16.557    16.602 11 56722.51269288 25.105
 210 299.395922 -32.972006     5.974     6.001 13 56732.42834485 39.460
 211 299.394630 -32.975948    15.031    16.380 14 56742.34399317 27.806
 212 299.393382 -32.974496    10.166     6.646 14 56752.25963584 35.285
 213 299.395848 -32.973011     6.925     6.905 13 56762.17527337 36.290
 214 299.399547 -32.969244     7.233     7.277 10 56772.09090364 37.744
 215 299.397056 -32.971844     9.306     7.068 13 56782.00656048 33.234
 216 299.394573 -32.974329     6.980     6.968 13 56791.92221470 37.302
 217 299.392539 -32.976789    12.581    14.331 15 56801.83786619 31.808
 218 299.392950 -32.977122    12.193    14.424 15 56811.75351028 31.622
 219 299.394078 -32.974869    12.225    11.866 14 56821.66914988 32.064
 220 299.396819 -32.972235     7.420     7.436 13 56831.58478537 40.863
 221 299.399818 -32.968789     7.706     7.654 10 56841.50041737 41.469
 222 299.401686 -32.968587     8.223     8.169 10 56851.41605482 46.376
 223 299.398388 -32.970141     8.294     8.302 11 56861.33170878 42.621
 224 299.396819 -32.972590     8.198     8.205 12 56871.24736228 52.235
 225 299.396108 -32.973330     8.010     8.027 13 56881.16301252 40.807
 226 299.395413 -32.972788     7.964     7.958 13 56891.07865886 42.061
 227 299.395180 -32.974180     7.645     7.645 13 56900.99430267 39.483
 228 299.393769 -32.975377    12.400    14.102 15 56910.90994454 32.239
 229 299.393764 -32.975662    13.707    15.097 14 56920.82558507 27.914
 230 299.395266 -32.973945    14.174    15.943 13 56930.74122346 28.093
 231 299.397927 -32.969751    10.438     7.067 11 56940.65685673 31.843
 232 299.400662 -32.969426     7.459     7.426 10 56950.57249660 39.941
 233 299.398201 -32.970677     9.264     7.405 11 56960.48814892 33.426
 234 299.396407 -32.972181     8.844     7.119 12 56970.40379617 31.862
 235 299.396759 -32.972866     6.715     6.705 12 56980.31943935 36.330
 236 299.398081 -32.970299    11.342     7.935 12 56990.23507736 29.524
 237 299.402313 -32.967427     6.732     6.711  9 57000.15070915 44.903
 238 299.399973 -32.967680     6.705     6.636 10 57010.06636351 36.530
 239 299.398796 -32.970272     8.094     6.834 11 57019.98201609 32.856
 240 299.397306 -32.972157    11.469     8.823 12 57029.89766578 34.537
 241 299.396098 -32.972802     9.919     7.713 13 57039.81331375 36.050
 242 299.396211 -32.973017     7.718     7.670 13 57049.72895968 35.753
 243 299.398046 -32.972453     7.626     7.619 12 57059.64460165 37.308
 244 299.398700 -32.968768     9.573     7.471 11 57069.56023720 33.785
 245 299.400087 -32.967757     8.911     7.221 10 57079.47586899 34.093
 246 299.399916 -32.968578     7.490     7.472 11 57089.39150716 41.833
 247 299.395948 -32.972166     7.291     7.284 13 57099.30716562 40.078
 248 299.394477 -32.974133    11.484    10.759 14 57109.22282074 32.562
 249 299.395255 -32.973496    14.009    15.568 13 57119.13847004 29.557
 250 299.396087 -32.972337     6.279     6.211 13 57129.05411320 38.154
