# NaN NaN NaN ;Mean Elev.(m), Avg Gradient(m/km), RMS Gradient(m/km) - SRTM1     
# NaN NaN NaN ;Mean Elev.(m), Avg Gradient(m/km), RMS Gradient(m/km) - ASTER GDEM
#   30.750  -0.068   0.685 ;Mean Elev.(m), Avg Gradient(m/km), RMS Gradient(m/km) - GMTED2010 
   1 300.432538 -29.630864    27.997    27.986  8 54663.02503643 47.471
   2 300.430714 -29.632145    27.875    27.835  8 54672.94068088 45.254
   3 300.430243 -29.634901    28.141    28.130  8 54682.85632453 40.991
   4 300.431008 -29.634212    28.373    28.403  8 54692.77196662 50.224
   5 300.432368 -29.629145    28.973    28.978  9 54702.68760563 45.633
   6 300.432908 -29.627922    28.529    28.500  9 54712.60325444 38.819
   7 300.432371 -29.629912    27.935    27.926  9 54722.51890599 53.149
   8 300.430200 -29.633411    27.740    27.584  8 54732.43455511 47.826
   9 300.428571 -29.638385    27.678    27.603  9 54742.35020286 47.086
  10 300.427960 -29.640237    28.313    28.307  8 54752.26584967 46.060
  11 300.428027 -29.638624    27.971    27.965  8 54762.18149547 46.445
  12 300.429799 -29.637177    28.755    28.741  8 54772.09713898 51.571
  13 300.430070 -29.633631    29.117    29.116  8 54782.01277901 49.200
  14 300.431353 -29.633671    28.994    28.993  8 54791.92841754 51.697
  17 300.432009 -29.629685    28.106    28.202  9 54821.67533437 26.606
  18 300.431284 -29.632135    27.053    27.073  8 54831.59098766 50.714
  19 300.429423 -29.634939    27.031    27.012  8 54841.50662747 35.508
  20 300.427594 -29.639863    27.646    27.647  8 54851.42227779 45.525
  21 300.428958 -29.649286    27.513    27.481  4 54861.33792869 38.488
  22 300.428348 -29.650822    27.688    27.736  5 54871.25357761 33.757
  23 300.428675 -29.648305    27.874    27.873  4 54881.16922410 49.496
  24 300.427866 -29.640532    28.077    28.075  8 54891.08486605 53.724
  25 300.428112 -29.638353    28.253    28.253  8 54901.00050624 47.683
  26 300.427860 -29.639992    27.895    27.953  9 54910.91614543 49.676
  27 300.427577 -29.641737    27.682    27.681  8 54920.83178364 52.650
  28 300.427804 -29.639094    27.751    27.719  8 54930.74742072 37.101
  29 300.430092 -29.634088    27.593    27.575  8 54940.66305628 30.011
  30 300.432440 -29.627838    27.749    27.799  8 54950.57868996 52.249
  31 300.433468 -29.626324    27.359    27.326  8 54960.49432992 48.556
  32 300.432121 -29.629613    27.292    27.238  9 54970.40997907 34.376
  33 300.430883 -29.632574    27.228    27.248  9 54980.32562669 31.845
  34 300.430509 -29.635286    27.737    27.731  8 54990.24127386 48.711
  35 300.429732 -29.635215    27.496    27.493  8 55000.15692021 45.671
  36 300.429782 -29.636157    27.593    27.618  8 55010.07256498 45.414
  37 300.430011 -29.636684    27.774    27.817  8 55019.98820811 38.094
  38 300.429039 -29.636565    28.464    28.467  8 55029.90384995 50.134
  39 300.428944 -29.637828    28.468    28.411  9 55039.81949170 54.088
  40 300.429717 -29.636048    28.489    28.473  8 55049.73513185 46.747
  41 300.431414 -29.631854    28.728    28.723  8 55059.65076961 42.966
  42 300.432437 -29.628103    28.510    28.513  8 55069.56640935 49.213
  43 300.431932 -29.630105    28.218    28.175  8 55079.48205945 45.909
  44 300.430775 -29.634962    28.443    28.388  8 55089.39770791 46.854
  45 300.429064 -29.638969    28.868    28.867  8 55099.31335473 54.928
  46 300.427942 -29.639728    29.229    29.228  8 55109.22900027 46.240
  47 300.428774 -29.638029    28.750    28.753  8 55119.14464415 44.249
  48 300.430181 -29.634983    29.324    29.323  8 55129.06028536 52.801
  49 300.430478 -29.632205    29.770    29.769  8 55138.97592456 46.991
  50 300.430961 -29.633106    29.642    29.640  9 55148.89156343 53.900
  51 300.430907 -29.633051    29.686    29.683  9 55158.80720200 48.096
  52 300.430983 -29.631374    29.714    29.711  8 55168.72284019 46.885
  53 300.432106 -29.629712    29.827    29.840  8 55178.63847768 44.906
  54 300.432018 -29.630864    29.966    29.918  8 55188.55412413 49.432
  55 300.430588 -29.635504    29.958    29.971  8 55198.46977628 47.038
  56 300.428574 -29.639026    29.989    29.992  9 55208.38542704 45.303
  57 300.427152 -29.640675    30.073    30.052  8 55218.30107671 55.170
  58 300.429289 -29.646082    30.378    30.421  4 55228.21672644 51.495
  59 300.427506 -29.640528    30.080    30.084  9 55238.13237057 45.506
  60 300.428646 -29.639169    29.982    29.969  9 55248.04801212 44.651
  61 300.428569 -29.638048    29.778    29.791  9 55257.96365129 42.809
  62 300.428825 -29.639185    29.493    29.436  8 55267.87929029 41.396
  63 300.428284 -29.638430    29.406    29.394  8 55277.79492862 42.357
  64 300.429238 -29.636087    29.461    29.463  8 55287.71056569 44.634
  65 300.431148 -29.631061    29.660    29.574  8 55297.62619998 47.095
  66 300.432248 -29.629515    29.582    29.580  8 55307.54184205 40.426
  67 300.431912 -29.631980    29.537    29.495  8 55317.45748917 51.972
  68 300.430528 -29.633927    29.634    29.608  8 55327.37313465 45.038
  69 300.429592 -29.635329    29.268    29.232  9 55337.28877891 48.276
  70 300.429464 -29.635679    29.299    29.262  9 55347.20442238 43.082
  71 300.429975 -29.635618    28.912    28.851  8 55357.12006422 41.834
  72 300.430043 -29.634928    28.777    28.747  9 55367.03570380 43.807
  73 300.430260 -29.634039    28.463    28.455  9 55376.95134197 50.698
  74 300.430990 -29.633050    28.374    28.389  8 55386.86697948 40.705
  75 300.431817 -29.630625    28.138    28.087  8 55396.78261605 40.431
  76 300.432642 -29.628374    28.677    28.603  9 55406.69825797 46.467
  77 300.431939 -29.629764    28.358    28.338  8 55416.61390942 35.855
  78 300.431466 -29.631962    28.169    28.085  9 55426.52955781 45.917
  79 300.430420 -29.633347    28.111    28.144  8 55436.44520315 48.287
  80 300.429409 -29.634929    28.009    27.977  8 55446.36084706 49.014
  81 300.429369 -29.636706    27.975    27.992  9 55456.27649033 37.172
  82 300.429355 -29.635225    27.990    28.027  8 55466.19213217 41.406
  83 300.431461 -29.633547    27.974    28.000  8 55476.10777103 34.300
  84 300.432691 -29.629277    28.413    28.378  8 55486.02340617 43.960
  85 300.433531 -29.626748    27.983    27.966  8 55495.93903964 51.116
  86 300.433857 -29.626468    27.932    27.897  8 55505.85467450 32.350
  87 300.431690 -29.629735    27.768    27.767  8 55515.77032588 35.101
  88 300.430973 -29.632358    27.696    27.673  9 55525.68597654 38.105
  89 300.430463 -29.634317    27.696    27.643  8 55535.60162515 36.554
  90 300.430030 -29.636789    28.890    28.945  8 55545.51727185 50.189
  91 300.428794 -29.638566    28.939    28.942  8 55555.43291637 46.614
  92 300.427752 -29.638988    28.280    28.268  8 55565.34855951 46.864
  93 300.428966 -29.638373    28.268    28.235  8 55575.26420180 51.803
  94 300.430328 -29.634787    28.567    28.555  8 55585.17984171 49.565
  95 300.432243 -29.631459    29.017    29.006  8 55595.09547832 52.256
  96 300.433045 -29.628287    28.902    28.907  8 55605.01111152 51.728
  97 300.434053 -29.627214    29.575    29.564  8 55614.92674329 55.734
  98 300.433287 -29.626638    29.699    29.680  9 55624.84238308 47.810
  99 300.432078 -29.630224    29.620    29.572  9 55634.75803649 49.033
 100 300.431578 -29.631628    29.798    29.802  8 55644.67368740 45.528
 101 300.431128 -29.631490    29.999    29.975  8 55654.58933522 52.597
 102 300.431526 -29.632757    29.931    29.928  8 55664.50497882 47.000
 103 300.430643 -29.632862    29.812    29.812  9 55674.42061885 46.941
 104 300.430393 -29.633451    29.651    29.694  9 55684.33625710 52.199
 105 300.431341 -29.632542    28.933    28.916  9 55694.25189368 50.567
 106 300.433117 -29.629523    28.639    28.669  8 55704.16752839 37.313
 107 300.433191 -29.629282    28.485    28.322  8 55714.08317375 51.024
 108 300.431372 -29.631165    28.145    28.131  8 55723.99882239 46.488
 109 300.430214 -29.634981    28.478    28.441  8 55733.91446968 38.543
 110 300.429543 -29.637288    28.260    28.269  8 55743.83011563 39.491
 111 300.429537 -29.636661    28.577    28.581  8 55753.74575986 48.638
 112 300.430373 -29.632456    28.386    28.341  8 55763.66140127 43.198
 113 300.432154 -29.629926    28.996    28.993  9 55773.57704037 42.618
 114 300.432996 -29.628622    29.367    29.320  9 55783.49267626 47.507
 115 300.433206 -29.627732    29.268    29.226  9 55793.40830949 46.311
 116 300.433994 -29.627365    29.519    29.540  8 55803.32394481 42.351
 117 300.432942 -29.628549    29.268    29.217  8 55813.23959431 48.367
 118 300.433394 -29.628504    29.265    29.279  8 55823.15524179 52.619
 119 300.433404 -29.625568    28.633    28.673  8 55833.07088388 40.189
 120 300.434030 -29.624779    28.637    28.636  9 55842.98652225 36.513
 121 300.434118 -29.624883    28.875    28.855  9 55852.90215797 53.199
 122 300.433826 -29.624892    29.136    29.079  8 55862.81779356 43.526
 123 300.431690 -29.629914    29.037    29.025  8 55872.73344900 43.955
 133 300.431165 -29.634078    27.931    27.929  8 55971.88989039 50.653
 134 300.431405 -29.633230    27.840    27.841  8 55981.80552672 37.925
 135 300.432955 -29.628911    27.874    27.898  8 55991.72116117 35.887
 136 300.432937 -29.627691    27.775    27.764  8 56001.63680824 32.131
 137 300.432498 -29.629673    27.715    27.708  8 56011.55245919 36.821
 138 300.431300 -29.632043    27.916    27.826  9 56021.46810632 45.497
 139 300.430033 -29.635350    27.810    27.765  9 56031.38375036 37.348
 141 300.430148 -29.636588    28.578    28.661  8 56051.21503044 49.588
 142 300.431599 -29.632553    28.664    28.655  8 56061.13066555 50.970
 143 300.433065 -29.628280    28.338    28.326  9 56071.04630215 41.255
 144 300.431782 -29.631228    28.164    28.113  9 56080.96195268 53.714
 145 300.430531 -29.634976    28.411    28.363  8 56090.87760092 50.225
 146 300.429591 -29.636551    28.844    28.828  9 56100.79324652 53.026
 147 300.429697 -29.635483    29.514    29.512  8 56110.70887774 47.136
 148 300.431361 -29.632192    29.168    29.156  9 56120.62451701 47.185
 149 300.433176 -29.627114    28.701    28.694  8 56130.54015234 44.369
 150 300.434370 -29.624205    28.639    28.535  9 56140.45578554 51.817
 151 300.432142 -29.629361    28.381    28.381  8 56150.37143709 50.849
 152 300.430806 -29.633114    28.626    28.611  9 56160.28708639 43.817
 153 300.430475 -29.633286    28.131    28.051  9 56170.20273340 49.934
 154 300.431144 -29.630742    28.427    28.414  8 56180.11837613 35.026
 155 300.432147 -29.628636    27.695    27.697  8 56190.03401492 51.498
 156 300.432961 -29.628405    27.510    27.504  8 56199.94965123 53.095
 157 300.433097 -29.627337    28.145    28.176  8 56209.86528513 34.296
 158 300.433970 -29.625959    27.886    27.794  8 56219.78091750 33.762
 159 300.433221 -29.628891    28.029    27.940  8 56229.69656724 34.860
 160 300.431778 -29.630460    28.225    28.232  8 56239.61222138 41.168
 161 300.431236 -29.632884    27.657    27.617  9 56249.52787195 48.927
 162 300.430820 -29.633425    27.492    27.459  9 56259.44351725 44.599
 163 300.430512 -29.633921    28.379    28.406  8 56269.35915963 38.311
 164 300.430497 -29.633460    28.050    28.033  8 56279.27479993 37.676
 165 300.430175 -29.636306    28.176    28.177  8 56289.19045089 43.272
 166 300.429991 -29.635869    27.994    28.026  8 56299.10609923 45.996
 167 300.430414 -29.635159    28.654    28.694  8 56309.02174354 49.035
 168 300.430249 -29.634423    27.821    27.808  9 56318.93738555 41.607
 169 300.429566 -29.634859    27.922    27.992  8 56328.85302693 33.505
 170 300.429803 -29.634746    27.600    27.620  8 56338.76866755 35.007
 171 300.431054 -29.632130    28.406    28.354  9 56348.68430587 38.730
 172 300.432818 -29.627705    28.463    28.403  8 56358.59994094 39.777
 173 300.431637 -29.630858    29.078    29.049  9 56368.51559256 43.466
 175 300.428769 -29.638478    28.399    28.394  9 56388.34688755 53.632
 176 300.428353 -29.638912    28.791    28.755  9 56398.26253075 53.295
 177 300.428995 -29.637172    29.164    29.163  8 56408.17817096 50.961
 178 300.430688 -29.633877    28.846    28.858  8 56418.09380675 50.453
 179 300.432629 -29.628520    28.541    28.531  9 56428.00943744 39.204
 180 300.430858 -29.633109    28.952    28.897  9 56437.92509158 50.759
 181 300.429615 -29.637334    28.645    28.707  8 56447.84074334 49.711
 182 300.428357 -29.637715    29.020    29.019  8 56457.75639233 49.502
 183 300.428570 -29.637771    28.671    28.668  9 56467.67203830 44.773
 184 300.429893 -29.637180    29.797    29.798  8 56477.58768017 54.470
 185 300.430227 -29.632871    30.255    30.251  8 56487.50331748 48.995
 187 300.433200 -29.629201    29.520    29.521  8 56507.33458620 54.223
 188 300.434216 -29.625993    28.974    29.018  8 56517.25022171 39.500
 189 300.433012 -29.628268    28.491    28.484  8 56527.16587580 39.122
 190 300.432212 -29.629011    28.205    28.226  8 56537.08152540 53.972
 192 300.430574 -29.633676    28.282    28.229  8 56556.91281507 39.736
 193 300.429885 -29.634877    28.132    28.150  9 56566.82845779 37.941
 194 300.430158 -29.634529    28.113    28.056  9 56576.74409925 42.805
 195 300.431372 -29.630971    28.185    28.140  8 56586.65973699 37.068
 196 300.432745 -29.628628    28.554    28.565  9 56596.57537660 42.378
 197 300.431201 -29.632309    28.615    28.574  8 56606.49102980 39.287
 198 300.429668 -29.634319    28.255    28.184  8 56616.40667766 39.336
 199 300.430119 -29.636116    28.136    28.088  8 56626.32232198 41.630
 200 300.430327 -29.633684    28.304    28.292  9 56636.23796247 39.140
 201 300.432002 -29.631113    28.036    28.032  8 56646.15360214 48.193
 202 300.430986 -29.632951    28.114    28.073  9 56656.06925472 49.555
 203 300.430694 -29.635296    28.015    28.037  8 56665.98490315 49.596
 205 300.429211 -29.636632    28.178    28.178  9 56685.81619367 43.653
 206 300.429644 -29.635625    28.305    28.305  9 56695.73183644 40.078
 207 300.431106 -29.631950    28.275    28.272  8 56705.64747429 49.292
 208 300.433493 -29.628528    28.055    28.050  8 56715.56310676 34.554
 209 300.431028 -29.634019    27.932    27.884  8 56725.47876153 37.545
 211 300.428210 -29.643617    28.670    28.653  6 56745.31005940 50.377
 212 300.427859 -29.639642    28.791    28.787  8 56755.22570032 48.927
 213 300.430335 -29.634609    29.003    28.969  9 56765.14133550 45.422
 214 300.431767 -29.631096    28.703    28.701  9 56775.05697253 42.226
 215 300.429449 -29.636525    29.409    29.393  9 56784.97262968 51.330
 216 300.429770 -29.646817    29.246    29.251  4 56794.88828460 43.253
 217 300.428212 -29.648819    29.214    29.216  4 56804.80393409 53.595
 219 300.428886 -29.638031    29.725    29.725  9 56824.63521341 47.583
 220 300.430656 -29.633607    30.215    30.194  9 56834.55084780 44.756
 221 300.432672 -29.630572    30.256    30.248  8 56844.46647902 50.577
 222 300.432036 -29.631698    30.086    30.086  8 56854.38212332 45.024
 223 300.430235 -29.634698    29.852    29.853  8 56864.29777701 53.081
 224 300.429398 -29.636371    29.783    29.750  9 56874.21342973 52.724
 225 300.429070 -29.636837    29.438    29.441  8 56884.12907906 48.555
 226 300.429285 -29.637931    28.953    28.956  8 56894.04472534 44.375
 227 300.428429 -29.639313    28.630    28.633  8 56903.96036842 47.898
 228 300.427408 -29.641692    28.417    28.412  8 56913.87600996 42.099
 229 300.427437 -29.641406    28.278    28.223  9 56923.79164963 47.951
 230 300.428961 -29.637595    28.855    28.851  8 56933.70728646 47.244
 231 300.432205 -29.631532    29.563    29.554  8 56943.62291785 45.747
 232 300.432082 -29.629742    29.226    29.215  8 56953.53856470 52.401
 233 300.430922 -29.633926    28.494    28.479  8 56963.45421622 38.233
 234 300.429522 -29.637179    28.405    28.375  8 56973.36986251 39.125
 235 300.428929 -29.636382    28.343    28.343  8 56983.28550362 43.442
 236 300.431102 -29.632796    28.447    28.487  9 56993.20113948 37.661
 237 300.433497 -29.626574    28.453    28.413  9 57003.11677466 35.134
 238 300.432476 -29.629972    28.658    28.651  8 57013.03243181 40.768
 239 300.431000 -29.633312    28.745    28.654  9 57022.94808363 50.512
 240 300.429389 -29.636498    29.404    29.360  8 57032.86373307 49.235
 241 300.428581 -29.637425    29.092    29.094  8 57042.77938009 44.901
 242 300.429259 -29.636940    28.657    28.658  9 57052.69502482 44.484
 243 300.430677 -29.633952    28.737    28.769  8 57062.61066472 48.395
 244 300.432311 -29.631473    28.313    28.313  8 57072.52629948 34.636
 245 300.432681 -29.627995    28.492    28.453  8 57082.44192986 44.515
 246 300.431681 -29.633013    28.887    28.922  8 57092.35757739 49.924
 247 300.429055 -29.639028    28.525    28.525  8 57102.27323546 44.508
 248 300.428075 -29.640127    28.313    28.255  9 57112.18888890 51.857
 249 300.428465 -29.637108    27.974    27.962  8 57122.10453566 49.033
 250 300.429831 -29.636063    28.090    28.109  8 57132.02017725 47.526
