# NaN NaN NaN ;Mean Elev.(m), Avg Gradient(m/km), RMS Gradient(m/km) - SRTM1     
# NaN NaN NaN ;Mean Elev.(m), Avg Gradient(m/km), RMS Gradient(m/km) - ASTER GDEM
#  226.310   0.003  12.440 ;Mean Elev.(m), Avg Gradient(m/km), RMS Gradient(m/km) - GMTED2010 
   2 306.054652 -23.637789   275.507   275.563  4 54671.92423933 25.277
   4 306.053881 -23.637252   289.933   289.999  4 54691.75552487 16.585
   5 306.055688 -23.632815   285.067   285.067  2 54701.67116438  4.758
   7 306.056131 -23.635802   294.960   295.542  3 54721.50246407 22.373
   8 306.054160 -23.640334   289.228   289.101  4 54731.41811351 17.850
  10 306.051332 -23.645372   289.863   289.535  5 54751.24940784 19.697
  11 306.051789 -23.645270   225.926   226.351  5 54761.16505421 31.396
  12 306.052165 -23.641887   289.095   289.158  4 54771.08069747 19.760
  13 306.053297 -23.640137   289.227   289.187  4 54780.99633802 23.055
  14 306.054301 -23.639068   289.838   290.119  4 54790.91197632 17.361
  17 306.056233 -23.635065   225.253   225.279  3 54820.65889192 19.646
  18 306.054968 -23.636630   225.485   225.219  4 54830.57454510 49.466
  19 306.053020 -23.639658   225.855   225.786  4 54840.49018502 51.507
  20 306.051312 -23.645694   225.876   225.915  4 54850.40583561 54.776
  21 306.049706 -23.649565   225.825   225.780  5 54860.32148512 52.324
  22 306.048568 -23.649918   226.099   226.108  6 54870.23713380 51.447
  23 306.049433 -23.648695   225.978   226.006  5 54880.15278094 48.667
  24 306.050955 -23.645741   226.629   226.557  5 54890.06842447 46.635
  25 306.051937 -23.645844   225.744   225.629  5 54899.98406544 30.264
  26 306.051246 -23.647180   225.987   226.049  5 54909.89970453 45.799
  27 306.050572 -23.647677   226.198   226.232  5 54919.81534239 50.147
  28 306.051125 -23.644867   226.150   226.081  5 54929.73097956 29.231
  29 306.053052 -23.638932   226.275   226.247  4 54939.64661529 41.985
  30 306.056273 -23.634844   225.784   225.678  4 54949.56224987 40.828
  31 306.057833 -23.633379   224.413   224.522  4 54959.47788822 19.626
  32 306.055390 -23.634309   226.044   226.103  3 54969.39353678 50.838
  33 306.054415 -23.637838   226.214   226.002  3 54979.30918452 53.368
  35 306.052868 -23.639435   225.480   225.537  4 54999.14047818 24.276
  36 306.052859 -23.640115   225.952   225.835  4 55009.05612316 49.991
  37 306.053196 -23.641235   225.866   225.821  4 55018.97176652 51.325
  38 306.052701 -23.642389   226.395   226.426  4 55028.88740866 51.499
  39 306.052495 -23.643743   295.515   298.275  5 55038.80305049  4.742
  40 306.052949 -23.641135   226.672   226.728  5 55048.71869063 35.854
  41 306.054842 -23.636621   226.397   226.549  4 55058.63432859 23.505
  42 306.056552 -23.633108   226.322   226.292  3 55068.54996712 49.404
  43 306.055799 -23.635860   225.956   225.883  3 55078.46561776 49.797
  44 306.054022 -23.640848   226.742   226.730  4 55088.38126633 51.040
  45 306.051862 -23.644225   226.501   226.440  5 55098.29691289 34.593
  46 306.051006 -23.644846   226.032   225.979  5 55108.21255833 50.874
  47 306.052314 -23.644048   226.033   225.901  5 55118.12820269 50.493
  48 306.053423 -23.640822   227.870   227.863  4 55128.04384421 54.548
  49 306.054191 -23.639375   226.805   226.637  4 55137.95948399 51.142
  50 306.054105 -23.638812   226.870   226.796  3 55147.87512249 49.817
  51 306.054053 -23.638206   226.423   226.407  4 55157.79076073 26.790
  52 306.054424 -23.636667   227.067   227.072  3 55167.70639890 46.845
  53 306.055721 -23.635069   294.734   294.370  3 55177.62203666  2.370
  54 306.055856 -23.635210   228.092   228.091  3 55187.53768153 54.604
  55 306.054109 -23.639320   227.971   227.969  4 55197.45333373 50.048
  56 306.051993 -23.643522   228.349   228.347  4 55207.36898461 53.050
  57 306.050870 -23.646691   227.991   227.964  5 55217.28463459 53.979
  58 306.050305 -23.647502   228.371   228.385  6 55227.20028322 53.580
  59 306.050724 -23.646330   227.974   227.902  6 55237.11592873 38.924
  60 306.051765 -23.644291   227.787   227.776  4 55247.03157054 52.553
  61 306.051928 -23.643552   226.676   226.690  4 55256.94721009 43.756
  62 306.051376 -23.643996   227.150   227.183  5 55266.86284900 36.175
  63 306.051658 -23.645497   226.524   226.429  5 55276.77848778 39.722
  64 306.052697 -23.642976   226.924   226.790  5 55286.69412491 50.580
  65 306.054747 -23.637232   227.553   227.556  3 55296.60975929 47.914
  66 306.056339 -23.635651   226.230   226.246  3 55306.52540012 45.681
  67 306.054863 -23.636394   226.606   226.594  4 55316.44104716 41.577
  68 306.054057 -23.639886   226.182   225.947  4 55326.35669319 31.257
  69 306.053202 -23.641266   226.435   226.330  4 55336.27233741 50.751
  70 306.052861 -23.641144   226.422   226.339  4 55346.18798071 50.299
  71 306.053433 -23.641236   226.185   225.936  4 55356.10362282 52.094
  72 306.053745 -23.640669   226.196   226.040  4 55366.01926271 50.428
  73 306.053601 -23.638561   225.352   225.354  4 55375.93490083 31.655
  74 306.054411 -23.637512   225.580   225.526  3 55385.85053847 37.770
  75 306.055754 -23.636433   227.051   227.186  3 55395.76617547 31.871
  76 306.056834 -23.634164   226.671   226.789  4 55405.68181570 33.805
  77 306.055759 -23.635518   225.777   225.756  3 55415.59746731 32.402
  78 306.054712 -23.636810   225.382   225.374  4 55425.51311581 26.519
  79 306.053913 -23.638522   225.859   225.702  4 55435.42876161 51.870
  80 306.053128 -23.641110   225.853   225.837  5 55445.34440605 43.348
  81 306.052398 -23.642245   226.035   225.916  5 55455.26004912 49.594
  82 306.052642 -23.641449   225.611   225.576  5 55465.17569105 28.154
  83 306.054405 -23.638831   226.480   226.282  4 55475.09132987 51.843
  84 306.055975 -23.634747   299.612   301.584  3 55485.00696536 16.790
  85 306.057600 -23.633683   227.148   227.191  4 55494.92259951 30.123
  86 306.058360 -23.632917   226.265   226.278  4 55504.83823304 48.375
  87 306.055660 -23.634951   226.417   226.422  3 55514.75388371 46.864
  88 306.054411 -23.636822   227.048   227.057  4 55524.66953418 29.270
  89 306.053828 -23.639103   226.956   227.072  4 55534.58518296 36.717
  90 306.053247 -23.641492   226.792   226.729  4 55544.50082988 35.170
  91 306.052429 -23.643837   226.323   226.359  5 55554.41647475 47.456
  92 306.051211 -23.643803   225.773   225.681  5 55564.33211789 50.502
  93 306.052032 -23.642833   226.345   226.255  4 55574.24776019 51.042
  94 306.053341 -23.639734   226.900   226.796  4 55584.16340043 49.905
  95 306.054944 -23.636336   226.788   226.735  4 55594.07903720 45.648
  96 306.056939 -23.635081   227.157   227.134  3 55603.99467101 50.613
  97 306.058058 -23.633418   226.881   226.884  4 55613.91030279 48.970
  98 306.058375 -23.633330   226.556   226.531  3 55623.82594077 37.087
  99 306.056104 -23.636021   227.786   227.779  3 55633.74159420 38.828
 100 306.054708 -23.636335   228.253   228.340  3 55643.65724506 36.732
 101 306.054604 -23.637188   227.622   227.587  4 55653.57289331 48.073
 102 306.054714 -23.637953   227.258   227.291  4 55663.48853711 40.795
 103 306.053898 -23.638219   226.763   226.750  4 55673.40417749 43.378
 104 306.053869 -23.639223   226.871   226.870  4 55683.31981623 24.798
 105 306.054708 -23.637524   226.124   226.063  3 55693.23545287 48.444
 106 306.056829 -23.634956   226.162   226.114  3 55703.15108778 43.936
 107 306.056912 -23.633813   225.846   225.805  4 55713.06673122 44.563
 108 306.055338 -23.636666   226.241   226.097  3 55722.98238031 49.936
 109 306.053785 -23.639939   226.043   226.053  4 55732.89802764 51.536
 110 306.052720 -23.641178   226.036   226.042  4 55742.81367356 36.972
 111 306.052825 -23.640974   226.614   226.563  5 55752.72931820 36.792
 112 306.054128 -23.638521   226.986   227.134  4 55762.64496032 34.202
 113 306.055512 -23.636214   226.861   226.903  3 55772.56059972 25.281
 114 306.055809 -23.633901   226.631   226.363  3 55782.47623558 48.074
 115 306.056597 -23.633225   226.616   226.652  3 55792.39186900 47.252
 116 306.058205 -23.632397   226.475   226.442  3 55802.30750259 48.731
 117 306.057107 -23.634138   226.122   226.091  3 55812.22315243 48.658
 118 306.057157 -23.634379   226.017   225.904  3 55822.13880037 22.451
 119 306.057882 -23.633280   225.916   225.947  4 55832.05444328 41.352
 120 306.058563 -23.632402   226.331   226.027  3 55841.97008179 44.820
 121 306.058553 -23.631994   226.712   226.501  4 55851.88571755 49.573
 122 306.058786 -23.631462   226.302   226.328  3 55861.80135151 48.390
 123 306.056311 -23.636003   226.250   226.357  3 55871.71700678 48.059
 133 306.054235 -23.639760   225.974   225.957  4 55970.87344916 49.555
 134 306.054268 -23.637468   226.188   225.859  3 55980.78908527 48.649
 135 306.056646 -23.634417   226.176   226.194  4 55990.70472048 37.876
 136 306.057137 -23.633249   225.709   225.890  3 56000.62036582 21.715
 137 306.056007 -23.634827   227.087   227.203  3 56010.53601708 24.501
 138 306.054495 -23.636960   225.868   225.864  4 56020.45166435 40.215
 139 306.053270 -23.640614   226.364   226.353  5 56030.36730863 51.667
 141 306.053481 -23.641658   226.112   226.102  4 56050.19858929 51.593
 142 306.054608 -23.636534   225.825   225.798  3 56060.11422461 33.350
 143 306.057680 -23.633939   226.206   226.121  3 56070.02985986 46.177
 144 306.055508 -23.635745   226.680   226.689  4 56079.94551036 49.561
 145 306.053840 -23.639649   226.530   226.338  4 56089.86115882 49.810
 146 306.052810 -23.641399   227.200   227.098  5 56099.77680461 48.694
 147 306.053392 -23.641251   226.855   226.808  4 56109.69243636 32.472
 148 306.054751 -23.637348   226.370   226.316  4 56119.60807601 40.717
 149 306.057018 -23.633573   226.199   226.066  4 56129.52371219 46.475
 150 306.058766 -23.631879   226.186   225.966  3 56139.43934540 47.739
 151 306.055801 -23.635009   226.233   226.267  3 56149.35499505 48.440
 152 306.054145 -23.637929   226.166   225.975  3 56159.27064413 50.193
 153 306.053902 -23.638143   225.764   225.705  3 56169.18629137 50.209
 154 306.054590 -23.635977   226.334   226.366  3 56179.10193487 47.553
 155 306.055928 -23.634807   225.912   225.672  3 56189.01757435 45.533
 156 306.056580 -23.634289   226.244   226.202  4 56198.93321080 49.214
 157 306.056765 -23.633057   226.085   226.011  3 56208.84884467 48.937
 158 306.058355 -23.632978   226.000   225.863  3 56218.76447746 47.020
 159 306.057650 -23.634312   226.175   226.097  3 56228.68012445 45.253
 160 306.055817 -23.635013   227.014   227.023  3 56238.59577889 29.173
 161 306.054634 -23.636469   225.900   225.525  3 56248.51142972 22.935
 162 306.054026 -23.637386   225.891   225.579  4 56258.42707553 27.808
 163 306.053552 -23.638262   226.338   226.168  4 56268.34271807 47.119
 164 306.053466 -23.638151   226.076   225.815  4 56278.25835856 46.755
 165 306.053648 -23.641544   225.821   225.708  4 56288.17400833 49.879
 166 306.053355 -23.640661   225.629   225.632  4 56298.08965699 38.210
 167 306.053269 -23.639301   226.271   226.180  4 56308.00530159 48.704
 168 306.052914 -23.638858   225.397   225.385  4 56317.92094391 22.375
 169 306.052895 -23.641150   225.837   225.797  5 56327.83658575 21.840
 170 306.053198 -23.640782   226.467   226.497  5 56337.75222627 36.567
 171 306.054548 -23.637684   227.046   227.075  4 56347.66786465 25.914
 172 306.056483 -23.633272   226.272   226.240  3 56357.58350014 46.153
 173 306.055642 -23.636575   227.186   227.109  3 56367.49915041 49.868
 176 306.051490 -23.644022   226.695   226.733  5 56397.24608908 48.925
 177 306.052487 -23.642992   226.204   226.066  5 56407.16172967 51.272
 178 306.054012 -23.639090   225.536   225.557  4 56417.07736587 18.400
 179 306.056530 -23.634099   226.087   225.993  4 56426.99299720 48.937
 180 306.054690 -23.637025   226.123   225.828  3 56436.90864885 47.917
 181 306.052720 -23.641090   226.834   226.901  5 56446.82430081 29.711
 182 306.051794 -23.643486   225.943   225.812  4 56456.73995042 43.466
 183 306.052218 -23.644918   226.950   226.956  5 56466.65559698 38.319
 184 306.052862 -23.642734   290.782   290.959  4 56476.57123884 16.153
 185 306.053744 -23.638800   226.619   226.519  3 56486.48687678 46.879
 187 306.056198 -23.634223   226.302   226.156  3 56506.31814582 47.894
 188 306.058779 -23.632333   226.010   225.951  3 56516.23377929 49.015
 189 306.057310 -23.634389   226.091   226.149  3 56526.14943352 47.290
 190 306.056465 -23.635208   225.624   225.623  3 56536.06508348 43.368
 192 306.053914 -23.638379   226.051   225.983  4 56555.89637357 41.269
 193 306.053561 -23.640357   225.917   225.927  4 56565.81201660 44.965
 194 306.053499 -23.639315   226.272   226.212  4 56575.72765799 46.064
 195 306.054648 -23.635817   227.235   227.331  3 56585.64329609 26.172
 196 306.056874 -23.633516   226.717   227.021  3 56595.55893376 33.426
 197 306.054606 -23.636158   226.075   226.037  3 56605.47458720 50.602
 198 306.053899 -23.640248   225.959   225.652  4 56615.39023610 48.426
 199 306.053315 -23.640252   225.965   225.963  4 56625.30588034 40.639
 200 306.053517 -23.638505   225.943   225.825  4 56635.22152132 52.199
 201 306.055153 -23.635254   226.281   226.394  3 56645.13715900 46.931
 202 306.054098 -23.637624   226.342   226.225  4 56655.05281197 47.858
 203 306.053337 -23.639125   226.864   226.904  4 56664.96846054 27.931
 205 306.052558 -23.642083   225.877   225.878  4 56684.79975207 36.162
 206 306.052817 -23.640956   226.167   226.190  4 56694.71539507 49.221
 207 306.054445 -23.637606   225.979   225.978  4 56704.63103338 23.651
 208 306.056535 -23.633338   225.831   225.866  3 56714.54666609 36.077
 209 306.053059 -23.635406   306.970   306.970  2 56724.46231787  5.809
 210 306.052191 -23.644363   225.959   225.928  5 56734.37797006 50.222
 211 306.051031 -23.647590   226.047   226.071  5 56744.29361737 50.564
 212 306.051637 -23.645838   225.521   225.529  5 56754.20925930 40.684
 213 306.053849 -23.640490   225.864   225.904  4 56764.12489498 48.323
 214 306.055246 -23.634656   226.153   226.106  3 56774.04052879 47.252
 215 306.053088 -23.641342   225.604   225.590  4 56783.95618660 50.842
 216 306.050673 -23.646584   225.427   225.458  5 56793.87184065 46.343
 217 306.049402 -23.650100   225.783   225.582  5 56803.78749143 41.631
 218 306.050293 -23.648036   226.262   226.181  5 56813.70313396 34.684
 219 306.051694 -23.643912   226.445   226.335  5 56823.61877271 51.987
 221 306.055591 -23.635831   225.300   225.286  3 56843.45003861 44.812
 222 306.055374 -23.635536   225.173   225.156  3 56853.36568026 49.670
 223 306.053705 -23.639270   226.896   226.998  4 56863.28133437 44.515
 224 306.053063 -23.642070   225.554   225.556  4 56873.19698767 50.510
 225 306.052409 -23.642166   226.714   226.643  5 56883.11263724 36.806
 226 306.052037 -23.642406   225.397   225.452  5 56893.02828342 43.130
 227 306.051543 -23.644736   225.461   225.420  5 56902.94392688 50.429
 228 306.050192 -23.646474   225.260   225.282  5 56912.85956848 47.579
 229 306.050925 -23.647293   225.360   225.240  5 56922.77520875 29.962
 230 306.052310 -23.642623   226.597   226.483  5 56932.69084589 37.135
 231 306.055068 -23.635521   225.684   225.408  3 56942.60647757 38.450
 232 306.056511 -23.635819   225.375   225.381  3 56952.52212242 23.452
 233 306.054018 -23.638268   225.696   225.529  4 56962.43777395 51.356
 234 306.052563 -23.641780   225.705   225.778  5 56972.35342066 49.264
 235 306.052890 -23.642478   225.538   225.478  4 56982.26906262 38.843
 236 306.054319 -23.637418   225.489   225.461  4 56992.18469878 35.522
 237 306.058141 -23.632630   226.035   226.050  3 57002.10033172 49.315
 238 306.056194 -23.635885   225.621   225.498  3 57012.01598929 35.656
 239 306.053995 -23.638053   225.166   225.158  4 57021.93164103 23.049
 240 306.053032 -23.642296   226.542   226.474  4 57031.84729083 30.077
 241 306.052283 -23.643127   225.854   225.785  4 57041.76293815 52.579
 243 306.053470 -23.638200   226.123   225.857  4 57061.59422351 38.997
 244 306.055188 -23.635761   225.841   225.799  3 57071.50985870 46.517
 245 306.056266 -23.633532   226.631   226.525  3 57081.42548959 47.251
 246 306.054844 -23.635771   226.141   226.100  3 57091.34113347 47.019
 247 306.052508 -23.643042   225.959   225.856  5 57101.25679212 46.761
 248 306.051556 -23.644672   225.851   225.863  5 57111.17244625 50.890
 249 306.052388 -23.642792   225.845   225.794  5 57121.08809398 45.536
 250 306.053004 -23.640694   226.606   226.677  5 57131.00373590 51.310
