# NaN NaN NaN ;Mean Elev.(m), Avg Gradient(m/km), RMS Gradient(m/km) - SRTM1     
# NaN NaN NaN ;Mean Elev.(m), Avg Gradient(m/km), RMS Gradient(m/km) - ASTER GDEM
#  238.402  -3.888  16.153 ;Mean Elev.(m), Avg Gradient(m/km), RMS Gradient(m/km) - GMTED2010 
   1 306.610767 -22.811323   233.980   233.980  6 54666.40885826 52.856
   2 306.609671 -22.812288   302.201   302.344  7 54676.32450211 27.259
   6 306.613135 -22.811529   289.039   288.999  4 54715.98707751  7.499
   9 306.598995 -22.819679   304.661   306.668  5 54745.73402064 20.021
  10 306.598229 -22.820304   301.919   301.784  5 54755.64966784 24.847
  11 306.599143 -22.820075   233.761   233.757  6 54765.56531394 40.593
  12 306.600345 -22.818725   310.964   312.725  6 54775.48095726  4.093
  13 306.600173 -22.819199   300.160   300.164  6 54785.39659744 25.493
  14 306.599395 -22.822964   308.347   308.347  2 54795.31223519  1.591
  17 306.611600 -22.812420   279.838   279.735  5 54825.05915937 27.754
  19 306.601078 -22.818971   235.591   233.304  6 54844.89044696 23.496
  20 306.596557 -22.824167   309.550   309.550  2 54854.80609501  1.090
  21 306.597694 -22.820550   233.888   233.942  5 54864.72174528 53.254
  23 306.598162 -22.819375   234.862   234.860  5 54884.55304094 45.595
  24 306.596026 -22.821498   234.621   234.621  4 54894.46868298 43.873
  25 306.593738 -22.822932   315.828   316.424  3 54904.38432221  0.594
  26 306.594107 -22.822224   295.700   295.294  4 54914.29996057 24.835
  27 306.596410 -22.821243   235.317   235.298  4 54924.21559847 28.979
  28 306.601470 -22.818103   233.966   233.967  6 54934.13123629 52.408
  30 306.612901 -22.811144   233.613   233.616  4 54953.96250626 53.396
  31 306.610074 -22.812889   233.845   233.842  6 54963.87815051 48.709
  32 306.606354 -22.814920   234.566   234.592  6 54973.79379809 42.681
  33 306.605461 -22.815536   299.574   301.367  7 54983.70944569  3.052
  42 306.611387 -22.811853   234.181   234.183  5 55072.95023190 51.278
  43 306.607184 -22.810672   234.173   234.096  3 55082.86588007 26.041
  44 306.600134 -22.819133   296.168   297.904  6 55092.78152486 12.913
  45 306.598574 -22.820334   234.686   234.730  6 55102.69717148 21.284
  54 306.610669 -22.812632   297.214   293.649  6 55191.93794744 21.047
  55 306.604523 -22.816342   297.179   297.261  7 55201.85359664 23.489
  56 306.600254 -22.819305   302.103   306.540  6 55211.76924574  7.071
  57 306.599550 -22.819395   295.334   292.499  6 55221.68489528 25.388
  67 306.605467 -22.814950   234.223   234.219  7 55320.84130691 47.537
  68 306.602875 -22.817073   234.208   234.168  6 55330.75695075 24.613
  77 306.611213 -22.812196   234.135   234.123  6 55419.99773055 44.658
  78 306.606626 -22.814547   233.563   233.557  6 55429.91337659 42.620
  80 306.600056 -22.819587   234.029   233.788  6 55449.74466331 45.001
  89 306.606648 -22.814728   301.827   301.517  6 55538.98544576 27.424
  90 306.605286 -22.815491   234.407   234.415  7 55548.90109084 51.655
  91 306.602794 -22.817515   234.006   234.011  6 55558.81673405 53.419
  92 306.602240 -22.817980   233.743   233.794  6 55568.73237702 27.205
 101 306.606212 -22.814304   235.342   235.351  7 55657.97315374 40.385
 102 306.604210 -22.815871   307.251   310.150  7 55667.88879520  4.875
 103 306.604419 -22.815796   304.883   305.589  6 55677.80443475  7.841
 114 306.610292 -22.812250   303.309   301.615  5 55786.87649190  2.383
 115 306.611694 -22.813616   305.490   297.246  3 55796.79212551  2.300
 116 306.612526 -22.813416   296.710   296.710  2 55806.70776789  3.319
 118 306.611331 -22.814392   297.895   297.110  3 55826.53906334  1.682
 120 306.610983 -22.812384   316.456   317.216  5 55846.37034374  1.628
 121 306.611734 -22.814488   306.864   306.864  2 55856.28597891  3.628
 137 306.605601 -22.818716   309.925   309.925  2 56014.93627759  2.113
 139 306.601262 -22.818695   234.573   234.541  7 56034.76756564 50.780
 141 306.610279 -22.812269   233.606   233.591  6 56054.59884739 24.739
 142 306.614110 -22.811702   234.096   234.096  2 56064.51448243 28.939
 143 306.612763 -22.812068   234.086   234.067  4 56074.43012591 29.081
 144 306.608436 -22.813060   310.256   310.323  6 56084.34577451 11.540
 150 306.612170 -22.810845   234.102   234.066  5 56143.83960776 40.735
 151 306.608053 -22.813876   233.887   233.883  6 56153.75525741 22.803
 152 306.607366 -22.813858   233.853   233.883  7 56163.67090679 23.251
 153 306.607995 -22.813892   234.311   234.317  6 56173.58655420 50.509
 154 306.609674 -22.812413   233.956   233.942  6 56183.50219689 35.896
 156 306.608914 -22.813110   317.320   318.517  7 56203.33347037 11.554
 162 306.607347 -22.814186   312.132   313.375  7 56262.82733601  8.796
 165 306.605941 -22.814468   233.223   233.279  7 56292.57427349 25.575
 166 306.602375 -22.817857   283.788   283.976  7 56302.48992043 12.551
 168 306.598760 -22.820349   238.244   239.186  6 56322.32120413 17.942
 173 306.605640 -22.817170   335.129   335.343  4 56371.89941223  2.614
 174 306.600668 -22.820065   305.953   305.484  6 56381.81505800  2.949
 175 306.601806 -22.815103   233.682   233.682  2 56391.73070392 53.495
 176 306.603007 -22.817360   311.423   308.267  6 56401.64634668  8.863
 177 306.607737 -22.814103   233.107   233.087  6 56411.56198801 31.873
 178 306.612291 -22.812135   233.589   233.577  5 56421.47762395 50.145
 180 306.606807 -22.814199   233.378   233.430  6 56441.30891448 22.390
 185 306.605502 -22.815037   234.071   234.019  6 56490.88713271 52.503
 187 306.612807 -22.812943   323.010   323.010  2 56510.71840200  2.455
 191 306.606819 -22.814373   233.556   233.541  7 56550.38099374 53.580
 192 306.604332 -22.816391   233.564   233.645  7 56560.29663571 30.210
 197 306.610008 -22.812218   233.981   233.974  7 56609.87485216 49.044
 198 306.606295 -22.814907   233.758   233.754  6 56619.79049755 35.372
 199 306.603822 -22.819109   321.349   322.978  4 56629.70613975  1.735
 200 306.608319 -22.813058   233.824   233.825  6 56639.62178128 23.128
 201 306.608366 -22.813167   233.555   233.556  6 56649.53742747 25.057
 202 306.603185 -22.817518   235.780   233.922  7 56659.45307776 23.958
 208 306.610788 -22.811132   233.447   233.412  6 56718.94693081 34.125
 211 306.598336 -22.824016   326.865   326.865  2 56748.69387350  1.835
 212 306.604625 -22.816539   307.366   307.099  5 56758.60951577  1.326
 213 306.609060 -22.816874   323.923   323.923  2 56768.52515010  0.777
 214 306.608399 -22.814944   326.471   326.943  4 56778.44079768  2.391
 215 306.602487 -22.817383   234.857   232.901  7 56788.35645208 24.465
 216 306.596742 -22.821381   282.561   283.496  5 56798.27210251 17.542
 219 306.602293 -22.817460   299.153   292.780  6 56828.01902642 17.884
 224 306.604275 -22.816049   233.013   233.048  7 56877.59724997 53.358
 225 306.601393 -22.818549   233.004   233.014  6 56887.51289788 49.579
 226 306.598671 -22.819806   233.157   233.062  6 56897.42854316 49.215
 227 306.596189 -22.822479   283.559   274.917  3 56907.34418523  6.497
 228 306.597930 -22.820617   278.701   279.065  5 56917.25982638 27.145
 229 306.602809 -22.817551   329.086   329.133  7 56927.17546607  1.767
 230 306.610407 -22.811259   232.583   232.615  6 56937.09110304 23.375
 235 306.606991 -22.813957   233.112   233.114  7 56986.66932161 23.301
 237 306.611448 -22.812012   232.979   233.045  5 57006.50060273 24.132
 239 306.601068 -22.818067   295.895   299.946  6 57026.33190583 23.360
 240 306.600027 -22.819406   294.273   294.399  6 57036.24755383 24.748
 241 306.602620 -22.817395   234.475   234.432  7 57046.16320012 52.539
 242 306.606273 -22.814482   233.214   233.173  7 57056.07884332 25.350
 243 306.608796 -22.812514   233.976   233.921  6 57065.99448107 53.494
 247 306.606559 -22.814378   233.508   233.526  6 57105.65705744 19.674
 248 306.605930 -22.814516   233.497   233.491  7 57115.57270930 17.395
 249 306.604812 -22.815846   233.229   233.231  6 57125.48835447 34.280
