# NaN NaN NaN ;Mean Elev.(m), Avg Gradient(m/km), RMS Gradient(m/km) - SRTM1     
# NaN NaN NaN ;Mean Elev.(m), Avg Gradient(m/km), RMS Gradient(m/km) - ASTER GDEM
#    8.271   0.062   1.466 ;Mean Elev.(m), Avg Gradient(m/km), RMS Gradient(m/km) - GMTED2010 
   1 299.343909 -31.861876    10.561    10.486  7 54663.43977150 25.551
   2 299.343379 -31.860518    10.576    10.565 17 54673.35541620 31.460
   3 299.343530 -31.860262    10.751    10.428 17 54683.27105917 26.431
   4 299.341340 -31.868281    10.318    10.299 11 54693.18669904 30.874
   5 299.342473 -31.872067    11.435    11.163  9 54703.10233761 37.620
   6 299.341848 -31.870268    10.896    10.897  9 54713.01798698 24.208
   7 299.342971 -31.861231    10.678    10.624 17 54722.93363963 38.725
   8 299.339724 -31.858122    10.359    10.331 18 54732.84928861 31.826
   9 299.341500 -31.849082    10.290    10.282 13 54742.76493797 34.288
  10 299.341022 -31.848661    10.564    10.503 13 54752.68058522 26.792
  11 299.341534 -31.848493    11.103    11.049 13 54762.59623218 51.656
  12 299.341169 -31.849625    11.253    11.256 13 54772.51187625 40.132
  13 299.341334 -31.849682    11.139    11.170 13 54782.42751754 32.841
  14 299.340389 -31.853458    11.166    11.271 17 54792.34315535 30.469
  17 299.341970 -31.864945    10.273    10.189 14 54822.09006985 24.766
  18 299.342147 -31.859972    10.151    10.249 17 54832.00571144 26.007
  19 299.340163 -31.857872     9.575     9.604 19 54841.92136222 33.538
  20 299.341870 -31.850019     9.953     9.838 13 54851.83701337 34.343
  21 299.341050 -31.849410     9.943     9.948 13 54861.75266265 21.829
  22 299.341600 -31.847535    10.199    10.103 13 54871.66831225 52.489
  23 299.341427 -31.847128    10.536    10.541 12 54881.58395972 41.322
  24 299.340682 -31.847018    10.468    10.558 12 54891.49960355 22.431
  25 299.340793 -31.843574    10.920    10.954 11 54901.41524496 40.141
  26 299.340937 -31.842101    10.787    10.706 10 54911.33088394 51.010
  27 299.340855 -31.844858     9.922     9.835 11 54921.24652073 28.983
  28 299.341408 -31.850265    10.696    10.691 14 54931.16215645 42.189
  29 299.340994 -31.858441    10.210    10.181 18 54941.07779013 30.917
  30 299.342710 -31.861117     9.990     9.890 17 54950.99342351 52.162
  31 299.343076 -31.859977     9.792     9.800 17 54960.90906408 38.351
  32 299.341588 -31.858960    10.035    10.011 18 54970.82471270 23.841
  33 299.341355 -31.858912    10.087    10.166 17 54980.74036023 23.916
  34 299.337827 -31.866044    66.509    66.874 10 54990.65600572 10.931
  35 299.341076 -31.858702    10.118    10.076 17 55000.57165442 23.586
  36 299.340515 -31.857716    10.066    10.080 18 55010.48729954 26.400
  37 299.340058 -31.857572    10.148    10.149 19 55020.40294278 23.735
  38 299.340440 -31.857945    10.753    10.693 18 55030.31858466 52.745
  39 299.340972 -31.859599    11.111    11.104 18 55040.23422556 55.306
  40 299.343657 -31.860249    10.862    10.833 17 55050.14986551 34.678
  41 299.341413 -31.868375    11.017    10.997 10 55060.06550149 26.618
  42 299.342152 -31.865337    11.276    11.162 13 55069.98114264 53.807
  43 299.341118 -31.858712    10.712    10.730 17 55079.89679321 27.097
  44 299.340549 -31.852884    10.557    10.490 16 55089.81244206 29.647
  45 299.341709 -31.848121    11.221    11.238 13 55099.72808998 29.758
  46 299.341449 -31.849765    11.171    11.141 14 55109.64373601 28.751
  47 299.340235 -31.853707    11.365    11.390 17 55119.55938002 30.716
  48 299.341382 -31.851020    11.303    11.294 14 55129.47502292 29.603
  49 299.341079 -31.849389    11.724    11.742 13 55139.39066330 29.635
  50 299.341617 -31.849286    12.171    12.193 13 55149.30630205 31.463
  51 299.340674 -31.857358    12.908    12.901 18 55159.22193858 39.285
  52 299.343391 -31.860246    12.895    12.883 17 55169.13757620 37.094
  53 299.341170 -31.869941    12.852    12.863 10 55179.05321103 29.936
  54 299.341953 -31.864567    12.925    12.907 14 55188.96885846 33.693
  55 299.340579 -31.859103    13.127    13.124 18 55198.88451040 33.254
  56 299.339170 -31.856860    13.182    13.184 19 55208.80016106 34.930
  57 299.338905 -31.856834    13.680    13.653 19 55218.71581092 47.393
  58 299.340648 -31.852750    13.706    13.705 16 55228.63146090 48.369
  59 299.342007 -31.848329    14.135    14.117 13 55238.54710771 45.358
  60 299.341167 -31.846162    14.040    13.993 13 55248.46275006 38.575
  61 299.341108 -31.842463    13.655    13.610 11 55258.37839014 33.472
  62 299.340672 -31.843623    13.577    13.575 11 55268.29402810 46.123
  63 299.341344 -31.847259    13.183    13.159 13 55278.20966522 49.930
  64 299.339509 -31.858270    12.502    12.465 19 55288.12529942 34.951
  65 299.342621 -31.860553    12.807    12.809 17 55298.04093344 55.064
  66 299.342428 -31.859667    12.519    12.533 17 55307.95657572 28.116
  67 299.340124 -31.857594    12.536    12.533 18 55317.87222204 38.086
  68 299.339106 -31.855940    12.771    12.726 18 55327.78786750 43.561
  69 299.339330 -31.857297    12.700    12.699 18 55337.70351182 51.458
  70 299.341006 -31.858546    12.353    12.340 18 55347.61915574 30.226
  71 299.342040 -31.859312    12.112    12.104 17 55357.53479800 28.697
  72 299.341927 -31.859231    11.946    11.936 18 55367.45043802 35.328
  73 299.342149 -31.858686    11.627    11.551 17 55377.36607654 52.284
  74 299.343150 -31.859902    11.164    11.153 18 55387.28171377 32.088
  75 299.341306 -31.869141    10.839    10.837 10 55397.19734827 55.717
  76 299.342293 -31.871282    11.061    11.155  9 55407.11299040 22.918
  77 299.341168 -31.868116    11.148    11.135 11 55417.02864157 31.347
  78 299.341739 -31.858948    10.965    10.930 18 55426.94429087 53.944
  79 299.338850 -31.857328    10.895    10.878 19 55436.85993596 41.629
  80 299.341468 -31.849511    10.684    10.625 14 55446.77558178 53.166
  81 299.341823 -31.850128    10.918    10.857 13 55456.69122538 26.326
  82 299.339654 -31.857896    10.875    10.931 19 55466.60686664 25.001
  83 299.341478 -31.858583    10.996    10.937 18 55476.52250646 23.833
  84 299.342218 -31.859390    10.838    10.836 18 55486.43814287 34.165
  85 299.342542 -31.859453    10.791    10.777 18 55496.35377702 25.523
  86 299.343504 -31.859856    10.710    10.605 17 55506.26941243 49.106
  87 299.342529 -31.859364    10.650    10.586 17 55516.18506286 25.372
  88 299.342662 -31.860205    10.280    10.259 17 55526.10071229 53.529
  89 299.342561 -31.859750    10.202    10.196 17 55536.01636002 29.459
  90 299.341497 -31.858352    10.563    10.537 18 55545.93200598 34.477
  91 299.339683 -31.857462    10.979    10.919 19 55555.84765011 25.631
  92 299.339034 -31.857096    11.525    11.476 19 55565.76329355 47.617
  93 299.340454 -31.857199    10.702    10.721 18 55575.67893643 23.877
  94 299.341787 -31.857848    10.809    10.812 18 55585.59457742 24.554
  95 299.342180 -31.859550    11.138    11.108 18 55595.51021468 23.567
  96 299.342467 -31.859955    11.701    11.687 17 55605.42584873 53.295
  97 299.343289 -31.860570    11.902    11.899 17 55615.34148039 34.756
  98 299.343363 -31.861173    12.002    11.980 17 55625.25712051 35.264
  99 299.342652 -31.859260    12.075    12.070 17 55635.17277267 31.977
 100 299.341790 -31.859401    12.161    12.155 17 55645.08842227 32.026
 101 299.341332 -31.858565    12.345    12.402 17 55655.00406937 30.327
 102 299.340397 -31.858357    12.574    12.551 18 55664.91971192 31.427
 103 299.339839 -31.857735    12.773    12.756 19 55674.83535180 32.523
 104 299.340279 -31.858096    12.695    12.656 18 55684.75099011 32.087
 105 299.342411 -31.859803    12.522    12.517 18 55694.66662704 31.707
 106 299.341478 -31.869950    11.953    11.938  9 55704.58226062 30.955
 107 299.341853 -31.869659    11.575    11.560 10 55714.49790739 29.079
 108 299.343071 -31.862340    11.328    11.303 15 55724.41355760 25.494
 109 299.342176 -31.859154    11.221    11.198 18 55734.32920469 25.564
 110 299.340665 -31.859702    10.985    10.969 18 55744.24484958 55.736
 111 299.340780 -31.859688    11.231    11.236 18 55754.16049329 24.494
 112 299.342490 -31.858834    11.278    11.252 17 55764.07613503 48.180
 113 299.342768 -31.859785    11.283    11.372 17 55773.99177365 27.869
 114 299.342607 -31.860093    11.678    11.646 17 55783.90740927 53.765
 115 299.343841 -31.860445    11.784    11.786 17 55793.82304289 31.960
 116 299.341851 -31.868321    11.682    11.640 10 55803.73867789 28.880
 117 299.341687 -31.866895    11.908    11.979 12 55813.65432821 30.948
 118 299.341910 -31.865144    12.083    12.051 13 55823.56997666 37.370
 119 299.343481 -31.861303    11.754    11.778 17 55833.48562084 34.101
 120 299.343805 -31.860650    11.585    11.570 17 55843.40125997 31.999
 121 299.341720 -31.866643    11.329    11.324 12 55853.31689437 28.447
 122 299.341414 -31.871075    11.920    11.843 10 55863.23252962 54.736
 123 299.341559 -31.865904    11.573    11.542 12 55873.14818455 30.854
 133 299.338646 -31.857869    10.485    10.650 19 55972.30462655 32.343
 134 299.342116 -31.858311    10.434    10.436 18 55982.22026252 27.919
 135 299.340750 -31.869780    10.927    10.977 10 55992.13589427 23.510
 136 299.342286 -31.865334    10.576    10.470 13 56002.05154247 33.564
 137 299.342214 -31.858530    10.487    10.421 18 56011.96719342 29.296
 139 299.339236 -31.856823    10.597    10.611 19 56031.79848319 23.653
 141 299.342052 -31.860091    10.861    10.859 17 56051.62976333 27.190
 142 299.341583 -31.866991    11.208    11.234 12 56061.54539807 34.324
 143 299.341852 -31.869412    11.085    11.096 10 56071.46103610 30.061
 144 299.343830 -31.859425    10.747    10.752 17 56081.37668833 27.704
 145 299.341599 -31.859758    10.922    10.920 18 56091.29233535 53.605
 146 299.342192 -31.858801    11.374    11.247 18 56101.20798045 48.142
 147 299.342291 -31.859535    11.468    11.595 18 56111.12361099 29.634
 148 299.343062 -31.859534    12.058    12.053 17 56121.03925002 53.707
 149 299.343760 -31.860247    11.635    11.607 17 56130.95488539 49.725
 150 299.342063 -31.865344    11.513    11.492 13 56140.87051852 53.134
 151 299.342473 -31.859214    11.465    11.473 17 56150.78617086 45.762
 152 299.342099 -31.859256    11.273    11.288 17 56160.70182021 30.126
 153 299.342435 -31.859687    10.920    10.897 18 56170.61746793 34.663
 154 299.342313 -31.859800    11.091    11.077 18 56180.53311161 27.885
 155 299.341988 -31.858786    10.355    10.361 18 56190.44875139 51.769
 156 299.341765 -31.858848    10.098    10.020 18 56200.36438789 35.831
 157 299.344130 -31.860225    11.128    11.111 16 56210.28002183 30.817
 158 299.342168 -31.873728    10.847    10.908  9 56220.19565108 28.824
 159 299.342660 -31.872814    10.936    10.868  8 56230.11130105 22.325
 160 299.341262 -31.870506    10.981    10.940  9 56240.02695458 20.909
 161 299.343265 -31.860767    10.840    10.825 17 56249.94260622 26.991
 162 299.341825 -31.859841    10.781    10.742 17 56259.85825122 22.720
 163 299.341897 -31.859808    10.343    10.328 18 56269.77389379 40.287
 164 299.343299 -31.859257    12.227    11.372 17 56279.68953491 26.930
 165 299.341615 -31.858592    11.066    11.042 18 56289.60518662 24.678
 166 299.339264 -31.858023    10.808    10.809 19 56299.52083543 22.731
 167 299.341414 -31.849422    10.708    10.673 13 56309.43648200 25.440
 168 299.341417 -31.847146    11.238    11.224 12 56319.35212448 42.057
 169 299.341603 -31.848935    10.675    10.599 14 56329.26776497 36.871
 170 299.339854 -31.858612    10.202    10.208 18 56339.18340278 28.138
 171 299.343756 -31.859618    10.579    10.571 17 56349.09904074 25.122
 172 299.341455 -31.868683    11.030    10.981 10 56359.01467416 36.157
 173 299.341763 -31.858476    11.244    11.262 18 56368.93032672 32.845
 175 299.341194 -31.850051    11.037    11.053 13 56388.76162181 26.030
 176 299.340155 -31.857131    11.673    11.625 18 56398.67726394 49.695
 177 299.342633 -31.858999    11.772    11.772 18 56408.59290478 32.032
 178 299.341984 -31.865153    11.863    11.892 13 56418.50854007 30.624
 179 299.341401 -31.870329    11.499    11.459  9 56428.42417165 24.622
 180 299.342255 -31.858807    11.573    11.576 17 56438.33982731 32.565
 181 299.339936 -31.857555    11.707    11.678 19 56448.25547789 50.715
 182 299.339823 -31.857389    11.337    11.341 19 56458.17112626 28.269
 183 299.339836 -31.857405    11.335    11.309 19 56468.08677140 30.839
 184 299.340038 -31.857125    12.034    12.031 18 56478.00241266 54.227
 185 299.340033 -31.857621    12.308    12.302 18 56487.91805013 33.516
 187 299.343699 -31.860501    13.045    13.041 17 56507.74931946 35.650
 188 299.341898 -31.871618    12.026    11.867  9 56517.66495494 27.725
 189 299.341044 -31.870054    11.795    11.801 10 56527.58060966 30.903
 190 299.342842 -31.862990    11.147    11.161 15 56537.49626138 40.096
 192 299.339812 -31.857515    11.176    11.100 19 56557.32755150 25.855
 193 299.340227 -31.857586    10.696    10.725 19 56567.24319371 46.210
 194 299.342492 -31.859696    10.974    10.917 18 56577.15883445 29.680
 195 299.341623 -31.870351    10.709    10.671  9 56587.07446988 24.313
 196 299.342068 -31.873275    10.995    10.997  8 56596.99010972 22.056
 197 299.343392 -31.861831    11.298    11.271 16 56606.90576424 29.129
 198 299.341464 -31.858568    11.143    11.119 18 56616.82141217 23.727
 199 299.340674 -31.858477    11.141    11.143 18 56626.73705635 23.612
 200 299.341597 -31.859389    10.901    10.876 17 56636.65269771 24.098
 201 299.343378 -31.859742    11.044    11.041 17 56646.56833930 54.240
 202 299.340813 -31.857905    10.806    10.805 18 56656.48399222 55.407
 203 299.341741 -31.850281    10.712    10.729 13 56666.39964202 39.983
 205 299.341415 -31.849783    10.864    10.876 14 56686.23093135 31.475
 206 299.339625 -31.858089    11.280    11.276 18 56696.14657150 54.504
 207 299.342946 -31.859412    11.160    11.153 18 56706.06220897 27.074
 208 299.341392 -31.868405    10.815    10.804 10 56715.97783992 40.888
 209 299.340887 -31.858866    60.857    60.897 16 56725.89349534  2.274
 211 299.341855 -31.848410    11.537    11.516 13 56745.72479365 41.822
 212 299.339724 -31.858253    11.648    11.675 19 56755.64043353 29.739
 213 299.343686 -31.860417    11.720    11.817 16 56765.55606968 32.127
 214 299.341324 -31.867651    11.751    11.793 12 56775.47170721 33.457
 215 299.340132 -31.859135    11.854    11.847 18 56785.38736507 53.698
 216 299.341243 -31.848027    11.857    11.979 12 56795.30301981 37.508
 217 299.341407 -31.843658    12.385    12.346 11 56805.21866897 53.208
 219 299.339373 -31.855250    12.300    12.285 17 56825.04994610 48.280
 221 299.343011 -31.860280    12.847    12.873 17 56844.88121118 32.874
 222 299.342363 -31.860462    13.429    13.414 17 56854.79685652 37.261
 223 299.340837 -31.859069    13.190    13.216 18 56864.71251044 33.194
 224 299.340067 -31.857416    12.796    12.790 18 56874.62816373 33.664
 225 299.339126 -31.856762    12.992    12.988 19 56884.54381361 46.588
 226 299.341789 -31.849830    12.308    12.312 13 56894.45946184 32.708
 227 299.341723 -31.847799    11.884    11.813 13 56904.37510542 30.538
 228 299.341690 -31.847244    11.635    11.563 13 56914.29074654 33.029
 229 299.338790 -31.856712    11.526    11.497 19 56924.20638361 27.843
 230 299.342192 -31.858833    11.441    11.431 17 56934.12202019 28.267
 231 299.341937 -31.870010    11.918    11.942 10 56944.03764946 38.341
 232 299.341482 -31.868831    12.232    12.216 10 56953.95329756 51.043
 233 299.342376 -31.859639    11.779    11.758 18 56963.86894991 30.264
 234 299.341034 -31.857409    11.412    11.412 18 56973.78459618 25.049
 235 299.341171 -31.857987    11.433    11.469 18 56983.70023780 23.590
 236 299.343313 -31.859819    11.411    11.410 17 56993.61587445 26.220
 237 299.341699 -31.867317    11.703    11.665 12 57003.53151087 30.645
 238 299.341664 -31.857994    11.431    11.407 18 57013.44716961 24.849
 239 299.338517 -31.857529    11.440    11.407 19 57023.36282078 32.071
 240 299.341940 -31.850057    11.896    11.875 14 57033.27847111 29.785
 241 299.339183 -31.857383    12.284    12.280 19 57043.19411553 32.629
 242 299.340263 -31.858266    12.287    12.278 19 57053.10975920 31.194
 243 299.340994 -31.859621    11.935    11.900 18 57063.02539830 29.896
 244 299.342350 -31.860496    11.630    11.601 17 57072.94103255 27.866
 245 299.340751 -31.869489    11.780    11.867 10 57082.85666137 24.954
 246 299.341942 -31.865437    11.907    11.908 13 57092.77231045 35.130
 247 299.342224 -31.859183    11.633    11.650 17 57102.68796916 28.582
 248 299.341161 -31.858356    11.520    11.518 18 57112.60362284 24.962
 249 299.341224 -31.857277    11.153    11.144 18 57122.51927058 25.160
 250 299.339773 -31.858677    11.072    11.080 18 57132.43491191 25.417
