# NaN NaN NaN ;Mean Elev.(m), Avg Gradient(m/km), RMS Gradient(m/km) - SRTM1     
# NaN NaN NaN ;Mean Elev.(m), Avg Gradient(m/km), RMS Gradient(m/km) - ASTER GDEM
#    0.854  -0.079   2.013 ;Mean Elev.(m), Avg Gradient(m/km), RMS Gradient(m/km) - GMTED2010 
   1     2.643 54666.40615915 31.09 301.038859 -33.878390 14.024 -100.00 -100.00 -100.00
   1     1.635 54666.40615974 33.85 301.040243 -33.876010 32.297 -100.00 -100.00 -100.00
   1     1.207 54666.40616033 34.95 301.041627 -33.873630   -100 -100.00 -100.00 -100.00
   1     1.352 54666.40616092 38.15 301.043012 -33.871249 11.697 -100.00 -100.00 -100.00
   2     2.065 54676.32180351 25.78 301.039264 -33.877139  9.736 -100.00 -100.00 -100.00
   2     1.430 54676.32180410 28.93 301.040648 -33.874759 16.275 -100.00 -100.00 -100.00
   2     1.471 54676.32180469 32.07 301.042032 -33.872379 27.783 -100.00 -100.00 -100.00
   3     1.570 54686.23744618 45.93 301.040704 -33.877370 30.269 -100.00 -100.00 -100.00
   3     1.485 54686.23744677 46.95 301.042088 -33.874990   -100 -100.00 -100.00 -100.00
   3     1.605 54686.23744736 46.22 301.043472 -33.872610   -100 -100.00 -100.00 -100.00
   6     2.251 54715.98437839 33.94 301.041442 -33.878500 29.592 -100.00 -100.00 -100.00
   6     1.790 54715.98437898 30.83 301.042827 -33.876120 23.165 -100.00 -100.00 -100.00
   6     1.541 54715.98437957 33.98 301.044211 -33.873740   -100 -100.00 -100.00 -100.00
   6     1.814 54715.98438016 35.63 301.045595 -33.871360   -100 -100.00 -100.00 -100.00
   7     2.094 54725.90002804 24.51 301.037113 -33.877749 12.220 -100.00 -100.00 -100.00
   7     1.358 54725.90002863 28.10 301.038497 -33.875369 24.236 -100.00 -100.00 -100.00
   7     1.275 54725.90002923 31.67 301.039882 -33.872989 32.574 -100.00 -100.00 -100.00
   7     1.580 54725.90002982 32.59 301.041266 -33.870608   -100 -100.00 -100.00 -100.00
   8     1.388 54735.81567649 20.66 301.033818 -33.875976  9.690 -100.00 -100.00 -100.00
   8     1.179 54735.81567708 22.78 301.035202 -33.873596 15.926 -100.00 -100.00 -100.00
   8     1.126 54735.81567767 23.74 301.036586 -33.871216 19.028 -100.00 -100.00 -100.00
   9     1.820 54745.73132392 24.21 301.031446 -33.876724 21.875 -100.00 -100.00 -100.00
   9     1.430 54745.73132451 25.38 301.032830 -33.874344 23.899 -100.00 -100.00 -100.00
   9     1.076 54745.73132510 26.88 301.034214 -33.871964 29.250 -100.00 -100.00 -100.00
  10     1.974 54755.64697135 29.87 301.031649 -33.876443 24.270 -100.00 -100.00 -100.00
  10     1.712 54755.64697194 33.04 301.033033 -33.874063   -100 -100.00 -100.00 -100.00
  10     1.655 54755.64697253 36.06 301.034417 -33.871683   -100 -100.00 -100.00 -100.00
  11     1.824 54765.56261706 33.79 301.031741 -33.877626   -100 -100.00 -100.00 -100.00
  11     1.768 54765.56261765 32.26 301.033125 -33.875246   -100 -100.00 -100.00 -100.00
  11     1.828 54765.56261824 35.83 301.034509 -33.872866   -100 -100.00 -100.00 -100.00
  11     1.976 54765.56261883 35.87 301.035893 -33.870486   -100 -100.00 -100.00 -100.00
  12     1.442 54775.47826031 31.02 301.032514 -33.876223 32.301 -100.00 -100.00 -100.00
  12     1.668 54775.47826090 34.66 301.033898 -33.873843   -100 -100.00 -100.00 -100.00
  12     1.776 54775.47826149 36.61 301.035283 -33.871463   -100 -100.00 -100.00 -100.00
  13     1.396 54785.39390051 30.58 301.031911 -33.876287   -100 -100.00 -100.00 -100.00
  13     1.492 54785.39390110 31.79 301.033296 -33.873907   -100 -100.00 -100.00 -100.00
  13     1.618 54785.39390169 33.07 301.034680 -33.871527   -100 -100.00 -100.00 -100.00
  14     1.599 54795.30953913 37.77 301.032737 -33.876440 30.024 -100.00 -100.00 -100.00
  14     1.462 54795.30953972 32.74 301.034121 -33.874060 26.443 -100.00 -100.00 -100.00
  14     1.172 54795.30954031 36.79 301.035506 -33.871680   -100 -100.00 -100.00 -100.00
  17     1.277 54825.05646094 47.04 301.041294 -33.877152   -100 -100.00 -100.00 -100.00
  17     1.458 54825.05646153 49.85 301.042679 -33.874772   -100 -100.00 -100.00 -100.00
  17     1.555 54825.05646213 51.16 301.044063 -33.872391   -100 -100.00 -100.00 -100.00
  18     1.247 54834.97210071 28.50 301.037911 -33.876129 30.214 -100.00 -100.00 -100.00
  18     0.914 54834.97210130 32.09 301.039295 -33.873749   -100 -100.00 -100.00 -100.00
  18     1.352 54834.97210189 31.68 301.040680 -33.871369   -100 -100.00 -100.00 -100.00
  19     0.801 54844.88775041 28.52 301.033648 -33.876523   -100 -100.00 -100.00 -100.00
  19     0.815 54844.88775100 28.71 301.035033 -33.874143   -100 -100.00 -100.00 -100.00
  19     0.801 54844.88775159 29.26 301.036417 -33.871763   -100 -100.00 -100.00 -100.00
  20     0.722 54854.80339987 31.06 301.031832 -33.876254   -100 -100.00 -100.00 -100.00
  20     0.759 54854.80340046 29.15 301.033217 -33.873873   -100 -100.00 -100.00 -100.00
  20     0.756 54854.80340105 31.04 301.034601 -33.871493   -100 -100.00 -100.00 -100.00
  21     1.151 54864.71904941 30.42 301.032047 -33.875957   -100 -100.00 -100.00 -100.00
  21     1.298 54864.71905000 33.70 301.033431 -33.873577   -100 -100.00 -100.00 -100.00
  21     1.474 54864.71905059 34.07 301.034816 -33.871196   -100 -100.00 -100.00 -100.00
  22     1.722 54874.63469865 40.42 301.032503 -33.875320 32.727 -100.00 -100.00 -100.00
  22     1.528 54874.63469924 38.60 301.033887 -33.872939   -100 -100.00 -100.00 -100.00
  22     1.682 54874.63469983 44.30 301.035271 -33.870559   -100 -100.00 -100.00 -100.00
  23     1.589 54884.55034492 30.91 301.032252 -33.875315 29.771 -100.00 -100.00 -100.00
  23     1.944 54884.55034551 34.71 301.033636 -33.872935   -100 -100.00 -100.00 -100.00
  23     2.134 54884.55034610 35.19 301.035020 -33.870554 32.593 -100.00 -100.00 -100.00
  24     1.305 54894.46598713 28.66 301.029759 -33.876244 30.885 -100.00 -100.00 -100.00
  24     1.482 54894.46598772 29.05 301.031144 -33.873863 27.024 -100.00 -100.00 -100.00
  24     1.698 54894.46598831 30.68 301.032528 -33.871483   -100 -100.00 -100.00 -100.00
  25     1.487 54904.38162687 30.68 301.028032 -33.875243 32.202 -100.00 -100.00 -100.00
  25     1.453 54904.38162746 33.06 301.029416 -33.872862   -100 -100.00 -100.00 -100.00
  25     1.463 54904.38162805 34.13 301.030801 -33.870482   -100 -100.00 -100.00 -100.00
  26     1.491 54914.29726471 32.00 301.027201 -33.876620 30.621 -100.00 -100.00 -100.00
  26     1.169 54914.29726530 30.39 301.028586 -33.874239 29.883 -100.00 -100.00 -100.00
  26     1.388 54914.29726589 35.07 301.029970 -33.871859   -100 -100.00 -100.00 -100.00
  26     1.658 54914.29726648 35.24 301.031355 -33.869479   -100 -100.00 -100.00 -100.00
  27     1.369 54924.21290240 29.56 301.029392 -33.876748 29.094 -100.00 -100.00 -100.00
  27     1.306 54924.21290299 30.76 301.030777 -33.874368   -100 -100.00 -100.00 -100.00
  27     1.465 54924.21290358 30.77 301.032161 -33.871988 31.855 -100.00 -100.00 -100.00
  28     0.955 54934.12853957 39.03 301.033559 -33.876609  7.490 -100.00 -100.00 -100.00
  28     1.007 54934.12854016 36.25 301.034943 -33.874229   -100 -100.00 -100.00 -100.00
  28     1.528 54934.12854075 40.87 301.036327 -33.871848   -100 -100.00 -100.00 -100.00
  29     1.246 54944.04417472 28.16 301.037778 -33.877052 15.760 -100.00 -100.00 -100.00
  29     0.853 54944.04417531 34.14 301.039162 -33.874672   -100 -100.00 -100.00 -100.00
  29     0.884 54944.04417590 35.31 301.040547 -33.872292   -100 -100.00 -100.00 -100.00
  30     0.922 54953.95980756 42.81 301.040542 -33.878022   -100 -100.00 -100.00 -100.00
  30     0.901 54953.95980815 43.70 301.041927 -33.875641   -100 -100.00 -100.00 -100.00
  30     1.299 54953.95980874 46.13 301.043311 -33.873261   -100 -100.00 -100.00 -100.00
  30     1.180 54953.95980933 47.21 301.044696 -33.870880   -100 -100.00 -100.00 -100.00
  31     1.235 54963.87545232 30.29 301.038226 -33.877507   -100 -100.00 -100.00 -100.00
  31     1.586 54963.87545291 30.86 301.039611 -33.875127   -100 -100.00 -100.00 -100.00
  31     1.622 54963.87545350 33.34 301.040996 -33.872746  1.975 -100.00 -100.00 -100.00
  32     1.100 54973.79110023 28.96 301.035058 -33.878116   -100 -100.00 -100.00 -100.00
  32     1.008 54973.79110082 30.27 301.036442 -33.875736   -100 -100.00 -100.00 -100.00
  32     0.722 54973.79110141 32.66 301.037827 -33.873355   -100 -100.00 -100.00 -100.00
  32     0.687 54973.79110200 33.27 301.039212 -33.870975   -100 -100.00 -100.00 -100.00
  33     0.983 54983.70674810 29.53 301.035293 -33.877626   -100 -100.00 -100.00 -100.00
  33     1.069 54983.70674869 28.22 301.036678 -33.875245   -100 -100.00 -100.00 -100.00
  33     1.126 54983.70674928 30.09 301.038062 -33.872865   -100 -100.00 -100.00 -100.00
  33     1.340 54983.70674987 31.69 301.039447 -33.870485   -100 -100.00 -100.00 -100.00
  34     1.074 54993.62239584 30.98 301.037149 -33.877301   -100 -100.00 -100.00 -100.00
  34     1.377 54993.62239643 30.66 301.038534 -33.874921   -100 -100.00 -100.00 -100.00
  34     1.847 54993.62239702 32.13 301.039918 -33.872540 31.403 -100.00 -100.00 -100.00
  35     1.650 55003.53804212 28.86 301.037230 -33.877697 29.879 -100.00 -100.00 -100.00
  35     1.462 55003.53804271 31.96 301.038614 -33.875317   -100 -100.00 -100.00 -100.00
  35     1.586 55003.53804331 34.22 301.039998 -33.872936   -100 -100.00 -100.00 -100.00
  35     2.102 55003.53804390 33.74 301.041382 -33.870556   -100 -100.00 -100.00 -100.00
  36     1.027 55013.45368596 29.16 301.035469 -33.878291 11.151 -100.00 -100.00 -100.00
  36     0.833 55013.45368655 32.21 301.036854 -33.875910 20.257 -100.00 -100.00 -100.00
  36     1.271 55013.45368714 34.78 301.038238 -33.873530 25.392 -100.00 -100.00 -100.00
  36     1.487 55013.45368773 36.51 301.039622 -33.871150 31.268 -100.00 -100.00 -100.00
  37     1.242 55023.36932856 36.73 301.034354 -33.877635 30.229 -100.00 -100.00 -100.00
  37     1.348 55023.36932916 37.89 301.035738 -33.875255   -100 -100.00 -100.00 -100.00
  37     1.488 55023.36932975 32.05 301.037122 -33.872875 25.319 -100.00 -100.00 -100.00
  37     1.584 55023.36933034 37.03 301.038506 -33.870494   -100 -100.00 -100.00 -100.00
  38     1.239 55033.28497037 29.47 301.034731 -33.877243   -100 -100.00 -100.00 -100.00
  38     1.266 55033.28497096 29.28 301.036115 -33.874863 29.404 -100.00 -100.00 -100.00
  38     1.583 55033.28497155 30.96 301.037499 -33.872483   -100 -100.00 -100.00 -100.00
  39     1.529 55043.20061167 31.14 301.037278 -33.876878 28.474 -100.00 -100.00 -100.00
  39     1.505 55043.20061226 34.20 301.038662 -33.874498   -100 -100.00 -100.00 -100.00
  39     1.518 55043.20061285 35.13 301.040046 -33.872118   -100 -100.00 -100.00 -100.00
  40     1.181 55053.11625164 28.70 301.041617 -33.876264 22.516 -100.00 -100.00 -100.00
  40     1.652 55053.11625223 36.98 301.043002 -33.873884   -100 -100.00 -100.00 -100.00
  40     1.237 55053.11625282 35.20 301.044386 -33.871504   -100 -100.00 -100.00 -100.00
  41     1.720 55063.03188866 26.75 301.042516 -33.878455 14.335 -100.00 -100.00 -100.00
  41     1.763 55063.03188925 27.75 301.043901 -33.876075 15.869 -100.00 -100.00 -100.00
  42     1.418 55072.94753290 27.23 301.039445 -33.878462 17.354 -100.00 -100.00 -100.00
  42     1.261 55072.94753349 26.68 301.040829 -33.876082 16.780 -100.00 -100.00 -100.00
  42     1.236 55072.94753408 30.52 301.042213 -33.873702 27.799 -100.00 -100.00 -100.00
  42     1.239 55072.94753467 34.06 301.043598 -33.871322   -100 -100.00 -100.00 -100.00
  43     2.069 55082.86318136 34.74 301.035604 -33.876051 30.676 -100.00 -100.00 -100.00
  43     1.805 55082.86318195 33.87 301.036989 -33.873671   -100 -100.00 -100.00 -100.00
  43     1.838 55082.86318255 39.96 301.038373 -33.871291   -100 -100.00 -100.00 -100.00
  44     2.071 55092.77882782 33.83 301.031415 -33.877540 25.897 -100.00 -100.00 -100.00
  44     1.833 55092.77882841 35.19 301.032799 -33.875160   -100 -100.00 -100.00 -100.00
  44     1.887 55092.77882900 36.04 301.034184 -33.872780   -100 -100.00 -100.00 -100.00
  44     2.214 55092.77882959 38.56 301.035568 -33.870400   -100 -100.00 -100.00 -100.00
  45     2.479 55102.69447507 37.03 301.031518 -33.876143   -100 -100.00 -100.00 -100.00
  45     2.281 55102.69447566 33.57 301.032902 -33.873763 20.849 -100.00 -100.00 -100.00
  45     2.332 55102.69447625 36.23 301.034286 -33.871383 30.422 -100.00 -100.00 -100.00
  46     1.791 55112.61012193 32.81 301.032575 -33.875639 25.267 -100.00 -100.00 -100.00
  46     1.831 55112.61012252 35.61 301.033960 -33.873259   -100 -100.00 -100.00 -100.00
  46     1.942 55112.61012311 39.83 301.035344 -33.870879   -100 -100.00 -100.00 -100.00
  47     2.087 55122.52576590 30.67 301.032613 -33.877285 19.261 -100.00 -100.00 -100.00
  47     1.779 55122.52576649 32.48 301.033997 -33.874905 22.920 -100.00 -100.00 -100.00
  47     1.749 55122.52576708 37.89 301.035382 -33.872525   -100 -100.00 -100.00 -100.00
  47     1.742 55122.52576767 37.92 301.036766 -33.870145   -100 -100.00 -100.00 -100.00
  48     2.023 55132.44140714 30.93 301.032616 -33.877561 19.547 -100.00 -100.00 -100.00
  48     1.667 55132.44140773 29.85 301.034000 -33.875181 17.627 -100.00 -100.00 -100.00
  48     1.618 55132.44140832 31.37 301.035384 -33.872801 21.807 -100.00 -100.00 -100.00
  48     1.617 55132.44140891 33.29 301.036769 -33.870421 28.742 -100.00 -100.00 -100.00
  49     1.895 55142.35704643 30.57 301.032589 -33.876379 18.169 -100.00 -100.00 -100.00
  49     1.800 55142.35704702 31.91 301.033974 -33.873999 22.699 -100.00 -100.00 -100.00
  49     1.749 55142.35704762 37.95 301.035358 -33.871620   -100 -100.00 -100.00 -100.00
  50     1.729 55152.27268472 34.35 301.032935 -33.876362   -100 -100.00 -100.00 -100.00
  50     1.702 55152.27268531 34.43 301.034319 -33.873982 30.307 -100.00 -100.00 -100.00
  50     1.704 55152.27268591 38.85 301.035703 -33.871602   -100 -100.00 -100.00 -100.00
  51     2.200 55162.18832319 33.16 301.035143 -33.877474 19.636 -100.00 -100.00 -100.00
  51     2.048 55162.18832378 32.98 301.036527 -33.875094 21.571 -100.00 -100.00 -100.00
  51     2.120 55162.18832437 34.28 301.037911 -33.872714 26.032 -100.00 -100.00 -100.00
  51     2.486 55162.18832496 38.77 301.039295 -33.870334   -100 -100.00 -100.00 -100.00
  52     2.438 55172.10396165 35.64 301.039236 -33.877930 28.758 -100.00 -100.00 -100.00
  52     2.325 55172.10396224 34.52 301.040621 -33.875550 24.696 -100.00 -100.00 -100.00
  52     2.574 55172.10396283 33.42 301.042005 -33.873170 19.538 -100.00 -100.00 -100.00
  52     2.582 55172.10396342 36.09 301.043389 -33.870790 26.336 -100.00 -100.00 -100.00
  54     2.379 55191.93524919 31.56 301.040386 -33.877102 14.857 -100.00 -100.00 -100.00
  54     2.257 55191.93524978 34.70 301.041771 -33.874722 26.319 -100.00 -100.00 -100.00
  54     2.490 55191.93525037 36.79 301.043155 -33.872342   -100 -100.00 -100.00 -100.00
  55     2.367 55201.85089914 38.48 301.035375 -33.878021   -100 -100.00 -100.00 -100.00
  55     2.262 55201.85089973 35.38 301.036760 -33.875641 27.851 -100.00 -100.00 -100.00
  55     2.203 55201.85090032 38.08 301.038144 -33.873260   -100 -100.00 -100.00 -100.00
  55     2.616 55201.85090091 42.09 301.039528 -33.870880   -100 -100.00 -100.00 -100.00
  56     2.508 55211.76654931 32.89 301.033254 -33.876822 21.454 -100.00 -100.00 -100.00
  56     2.388 55211.76654990 32.99 301.034638 -33.874442 22.044 -100.00 -100.00 -100.00
  56     2.560 55211.76655049 35.98 301.036022 -33.872062 30.493 -100.00 -100.00 -100.00
  57     2.633 55221.68219877 30.59 301.032424 -33.877304 15.983 -100.00 -100.00 -100.00
  57     2.175 55221.68219936 31.88 301.033808 -33.874923 21.318 -100.00 -100.00 -100.00
  57     2.374 55221.68219995 33.28 301.035192 -33.872543 23.574 -100.00 -100.00 -100.00
  57     2.343 55221.68220054 37.87 301.036576 -33.870162   -100 -100.00 -100.00 -100.00
  58     2.363 55231.59784761 41.75 301.032978 -33.875324   -100 -100.00 -100.00 -100.00
  58     2.347 55231.59784820 40.99 301.034362 -33.872944   -100 -100.00 -100.00 -100.00
  58     2.711 55231.59784879 41.55 301.035747 -33.870563   -100 -100.00 -100.00 -100.00
  59     2.842 55241.51349233 34.96 301.031969 -33.876310 26.764 -100.00 -100.00 -100.00
  59     2.805 55241.51349292 32.47 301.033353 -33.873930 17.548 -100.00 -100.00 -100.00
  59     2.796 55241.51349351 33.52 301.034738 -33.871549 19.635 -100.00 -100.00 -100.00
  60     3.234 55251.42913346 33.34 301.030086 -33.876127 20.813 -100.00 -100.00 -100.00
  60     3.124 55251.42913405 33.21 301.031470 -33.873746 19.980 -100.00 -100.00 -100.00
  60     3.302 55251.42913464 34.69 301.032855 -33.871366 22.708 -100.00 -100.00 -100.00
  61     2.896 55261.34477217 37.41 301.028614 -33.875321 27.445 -100.00 -100.00 -100.00
  61     2.833 55261.34477276 38.31 301.029998 -33.872941 30.142 -100.00 -100.00 -100.00
  61     3.138 55261.34477335 38.07 301.031383 -33.870560 25.956 -100.00 -100.00 -100.00
  62     2.904 55271.26040980 32.41 301.029503 -33.875104 21.918 -100.00 -100.00 -100.00
  62     2.840 55271.26041039 35.18 301.030888 -33.872723 30.867 -100.00 -100.00 -100.00
  62     2.968 55271.26041098 34.31 301.032272 -33.870343 25.157 -100.00 -100.00 -100.00
  63     2.703 55281.17604715 36.59 301.031809 -33.876348   -100 -100.00 -100.00 -100.00
  63     2.605 55281.17604774 31.97 301.033194 -33.873968 19.934 -100.00 -100.00 -100.00
  63     2.552 55281.17604833 34.60 301.034578 -33.871587 28.859 -100.00 -100.00 -100.00
  64     3.028 55291.09168354 34.04 301.035392 -33.877168 24.583 -100.00 -100.00 -100.00
  64     2.650 55291.09168413 31.18 301.036776 -33.874787 15.651 -100.00 -100.00 -100.00
  64     2.611 55291.09168472 32.37 301.038161 -33.872407 18.481 -100.00 -100.00 -100.00
  65     2.268 55301.00731786 41.29 301.039348 -33.877176   -100 -100.00 -100.00 -100.00
  65     2.175 55301.00731845 43.71 301.040733 -33.874795   -100 -100.00 -100.00 -100.00
  65     2.328 55301.00731904 45.25 301.042117 -33.872415   -100 -100.00 -100.00 -100.00
  66     2.230 55310.92296404 28.30 301.036981 -33.877800 12.444 -100.00 -100.00 -100.00
  66     2.126 55310.92296463 29.97 301.038366 -33.875419 14.831 -100.00 -100.00 -100.00
  66     2.269 55310.92296522 31.43 301.039750 -33.873039 15.928 -100.00 -100.00 -100.00
  66     2.533 55310.92296581 37.75 301.041135 -33.870658   -100 -100.00 -100.00 -100.00
  67     2.521 55320.83860933 29.94 301.034766 -33.877406 12.071 -100.00 -100.00 -100.00
  67     2.237 55320.83860992 32.48 301.036150 -33.875026 20.050 -100.00 -100.00 -100.00
  67     2.292 55320.83861051 33.26 301.037535 -33.872645 21.946 -100.00 -100.00 -100.00
  67     2.632 55320.83861110 37.68 301.038919 -33.870265 32.700 -100.00 -100.00 -100.00
  68     1.867 55330.75425400 39.27 301.034083 -33.876117   -100 -100.00 -100.00 -100.00
  68     1.839 55330.75425459 35.24 301.035468 -33.873736   -100 -100.00 -100.00 -100.00
  68     2.294 55330.75425518 41.14 301.036853 -33.871356   -100 -100.00 -100.00 -100.00
  69     1.902 55340.66989826 40.65 301.034238 -33.876632   -100 -100.00 -100.00 -100.00
  69     2.002 55340.66989885 35.00 301.035622 -33.874252 23.489 -100.00 -100.00 -100.00
  69     2.089 55340.66989944 36.07 301.037007 -33.871871 26.975 -100.00 -100.00 -100.00
  70     1.997 55350.58554228 35.10 301.035509 -33.877613 29.950 -100.00 -100.00 -100.00
  70     2.040 55350.58554287 38.75 301.036894 -33.875233   -100 -100.00 -100.00 -100.00
  70     2.085 55350.58554346 37.57 301.038278 -33.872853   -100 -100.00 -100.00 -100.00
  70     2.324 55350.58554405 40.83 301.039662 -33.870472   -100 -100.00 -100.00 -100.00
  71     2.072 55360.50118412 42.23 301.036884 -33.878385   -100 -100.00 -100.00 -100.00
  71     1.749 55360.50118471 41.10 301.038269 -33.876005   -100 -100.00 -100.00 -100.00
  71     1.725 55360.50118530 40.49 301.039653 -33.873625   -100 -100.00 -100.00 -100.00
  71     2.017 55360.50118589 45.12 301.041037 -33.871245   -100 -100.00 -100.00 -100.00
  72     2.020 55370.41682375 32.74 301.037721 -33.877825 24.426 -100.00 -100.00 -100.00
  72     1.688 55370.41682434 33.76 301.039106 -33.875445 32.291 -100.00 -100.00 -100.00
  72     1.801 55370.41682493 36.37 301.040490 -33.873065   -100 -100.00 -100.00 -100.00
  72     2.114 55370.41682552 39.20 301.041874 -33.870684   -100 -100.00 -100.00 -100.00
  73     2.258 55380.33246172 45.33 301.038568 -33.877483 31.621 -100.00 -100.00 -100.00
  73     2.190 55380.33246231 48.32 301.039952 -33.875103   -100 -100.00 -100.00 -100.00
  73     2.248 55380.33246290 50.52 301.041336 -33.872723   -100 -100.00 -100.00 -100.00
  74     1.956 55390.24809895 26.45 301.040472 -33.877069 12.995 -100.00 -100.00 -100.00
  74     1.816 55390.24809954 28.03 301.041857 -33.874689 16.207 -100.00 -100.00 -100.00
  74     1.797 55390.24810013 32.64 301.043241 -33.872308 30.461 -100.00 -100.00 -100.00
  77     1.760 55419.99503223 25.24 301.040613 -33.876151 10.213 -100.00 -100.00 -100.00
  77     1.520 55419.99503282 27.79 301.041997 -33.873771 16.105 -100.00 -100.00 -100.00
  77     1.581 55419.99503341 34.41 301.043381 -33.871391   -100 -100.00 -100.00 -100.00
  78     1.479 55429.91067852 44.27 301.035946 -33.877318   -100 -100.00 -100.00 -100.00
  78     1.230 55429.91067911 41.31 301.037331 -33.874938   -100 -100.00 -100.00 -100.00
  78     1.474 55429.91067970 46.64 301.038715 -33.872558   -100 -100.00 -100.00 -100.00
  79     1.311 55439.82632324 42.08 301.033467 -33.876256   -100 -100.00 -100.00 -100.00
  79     1.283 55439.82632383 42.71 301.034852 -33.873876   -100 -100.00 -100.00 -100.00
  79     1.301 55439.82632442 44.26 301.036236 -33.871496   -100 -100.00 -100.00 -100.00
  80     2.128 55449.74196651 30.97 301.032188 -33.877140 22.354 -100.00 -100.00 -100.00
  80     1.944 55449.74196710 30.25 301.033572 -33.874760 20.864 -100.00 -100.00 -100.00
  80     1.454 55449.74196769 35.30 301.034957 -33.872380   -100 -100.00 -100.00 -100.00
  80     1.727 55449.74196828 37.15 301.036341 -33.870000 30.384 -100.00 -100.00 -100.00
  81     2.127 55459.65760965 31.87 301.033073 -33.877582 26.902 -100.00 -100.00 -100.00
  81     1.948 55459.65761025 28.27 301.034457 -33.875202 16.241 -100.00 -100.00 -100.00
  81     1.437 55459.65761084 32.60 301.035841 -33.872822 30.344 -100.00 -100.00 -100.00
  81     1.548 55459.65761143 36.89 301.037225 -33.870441   -100 -100.00 -100.00 -100.00
  82     2.229 55469.57325200 27.22 301.034465 -33.877733 15.987 -100.00 -100.00 -100.00
  82     1.724 55469.57325259 26.98 301.035849 -33.875353 16.664 -100.00 -100.00 -100.00
  82     0.806 55469.57325318 29.70 301.037233 -33.872973 29.514 -100.00 -100.00 -100.00
  82     0.973 55469.57325377 31.35 301.038617 -33.870593   -100 -100.00 -100.00 -100.00
  83     1.676 55479.48889144 24.25 301.036458 -33.876572 16.572 -100.00 -100.00 -100.00
  83     1.215 55479.48889203 26.56 301.037843 -33.874192 23.428 -100.00 -100.00 -100.00
  83     1.445 55479.48889262 28.68 301.039227 -33.871812 26.959 -100.00 -100.00 -100.00
  84     0.778 55489.40452769 29.93 301.037791 -33.876559 25.695 -100.00 -100.00 -100.00
  84     0.927 55489.40452828 30.13 301.039175 -33.874179 24.723 -100.00 -100.00 -100.00
  84     1.230 55489.40452887 33.95 301.040560 -33.871799   -100 -100.00 -100.00 -100.00
  85     1.030 55499.32016156 25.34 301.039762 -33.876570 15.360 -100.00 -100.00 -100.00
  85     1.089 55499.32016215 28.69 301.041146 -33.874190 27.885 -100.00 -100.00 -100.00
  85     1.180 55499.32016274 31.33 301.042530 -33.871810   -100 -100.00 -100.00 -100.00
  86     2.402 55509.23580163 29.74 301.040176 -33.877049 17.326 -100.00 -100.00 -100.00
  86     2.230 55509.23580222 32.43 301.041561 -33.874670 29.867 -100.00 -100.00 -100.00
  86     2.609 55509.23580282 36.47 301.042945 -33.872290   -100 -100.00 -100.00 -100.00
  87     0.757 55519.15145130 26.76 301.038185 -33.877702 12.573 -100.00 -100.00 -100.00
  87     1.062 55519.15145189 29.33 301.039570 -33.875322 20.792 -100.00 -100.00 -100.00
  87     1.409 55519.15145248 28.63 301.040954 -33.872942 17.764 -100.00 -100.00 -100.00
  87     1.361 55519.15145307 35.38 301.042338 -33.870562   -100 -100.00 -100.00 -100.00
  88     1.479 55529.06710054 23.01 301.038100 -33.876836 15.742 -100.00 -100.00 -100.00
  88     1.646 55529.06710113 27.39 301.039484 -33.874456 26.411 -100.00 -100.00 -100.00
  88     1.829 55529.06710172 27.83 301.040868 -33.872076 31.746 -100.00 -100.00 -100.00
  89     1.451 55538.98274769 44.17 301.036813 -33.877750 32.187 -100.00 -100.00 -100.00
  89     1.222 55538.98274828 41.72 301.038198 -33.875370   -100 -100.00 -100.00 -100.00
  89     1.524 55538.98274887 45.76 301.039582 -33.872990   -100 -100.00 -100.00 -100.00
  89     1.401 55538.98274947 46.23 301.040966 -33.870609   -100 -100.00 -100.00 -100.00
  90     1.870 55548.89839308 30.11 301.035842 -33.877646   -100 -100.00 -100.00 -100.00
  90     1.979 55548.89839367 28.19 301.037226 -33.875266 27.972 -100.00 -100.00 -100.00
  90     2.224 55548.89839426 33.31 301.038611 -33.872886   -100 -100.00 -100.00 -100.00
  90     2.573 55548.89839485 33.50 301.039995 -33.870506 30.900 -100.00 -100.00 -100.00
  91     1.420 55558.81403710 18.76 301.035017 -33.876652 11.897 -100.00 -100.00 -100.00
  91     1.380 55558.81403769 20.93 301.036401 -33.874271 17.516 -100.00 -100.00 -100.00
  91     1.384 55558.81403828 23.09 301.037785 -33.871891 21.085 -100.00 -100.00 -100.00
  92     1.080 55568.72967994 22.91 301.034259 -33.877853 10.685 -100.00 -100.00 -100.00
  92     1.001 55568.72968053 27.79 301.035643 -33.875472 22.621 -100.00 -100.00 -100.00
  92     1.128 55568.72968112 29.20 301.037027 -33.873092 27.648 -100.00 -100.00 -100.00
  92     1.924 55568.72968171 30.41 301.038411 -33.870712 17.662 -100.00 -100.00 -100.00
  93     1.258 55578.64532263 24.78 301.036157 -33.876357 17.154 -100.00 -100.00 -100.00
  93     1.376 55578.64532322 26.38 301.037541 -33.873976 20.088 -100.00 -100.00 -100.00
  93     1.691 55578.64532381 27.41 301.038925 -33.871596 22.803 -100.00 -100.00 -100.00
  94     1.525 55588.56096210 35.73 301.036138 -33.877984 30.829 -100.00 -100.00 -100.00
  94     2.092 55588.56096269 36.32 301.037522 -33.875604 23.259 -100.00 -100.00 -100.00
  94     1.626 55588.56096328 42.18 301.038907 -33.873224   -100 -100.00 -100.00 -100.00
  94     1.379 55588.56096387 38.53 301.040291 -33.870844   -100 -100.00 -100.00 -100.00
  95     2.115 55598.47659875 27.90 301.037218 -33.877829 21.273 -100.00 -100.00 -100.00
  95     1.943 55598.47659934 29.87 301.038602 -33.875449 30.199 -100.00 -100.00 -100.00
  95     2.345 55598.47659993 32.08 301.039987 -33.873069 32.601 -100.00 -100.00 -100.00
  95     2.455 55598.47660052 33.41 301.041371 -33.870689   -100 -100.00 -100.00 -100.00
  96     1.048 55608.39223234 21.26 301.037648 -33.878452  9.344 -100.00 -100.00 -100.00
  96     1.082 55608.39223294 24.30 301.039033 -33.876072 19.047 -100.00 -100.00 -100.00
  96     1.219 55608.39223353 26.89 301.040418 -33.873692 25.168 -100.00 -100.00 -100.00
  96     1.599 55608.39223412 29.04 301.041802 -33.871312 28.339 -100.00 -100.00 -100.00
  97     2.026 55618.30786460 37.97 301.040890 -33.876269 31.220 -100.00 -100.00 -100.00
  97     1.909 55618.30786519 35.85 301.042274 -33.873889 24.678 -100.00 -100.00 -100.00
  97     1.991 55618.30786578 42.99 301.043659 -33.871509   -100 -100.00 -100.00 -100.00
  98     1.856 55628.22351092 36.33 301.039913 -33.876843 29.401 -100.00 -100.00 -100.00
  98     1.416 55628.22351152 34.47 301.041297 -33.874463 31.234 -100.00 -100.00 -100.00
  98     1.707 55628.22351211 33.45 301.042682 -33.872083 24.611 -100.00 -100.00 -100.00
  99     1.471 55638.13916159 36.04 301.038698 -33.877305 31.955 -100.00 -100.00 -100.00
  99     1.227 55638.13916218 34.14 301.040082 -33.874925 24.440 -100.00 -100.00 -100.00
  99     1.298 55638.13916277 37.60 301.041467 -33.872544   -100 -100.00 -100.00 -100.00
 100     1.739 55648.05481038 28.47 301.037797 -33.876842 17.178 -100.00 -100.00 -100.00
 100     1.912 55648.05481097 30.70 301.039182 -33.874462 24.441 -100.00 -100.00 -100.00
 100     1.941 55648.05481156 34.29 301.040566 -33.872081   -100 -100.00 -100.00 -100.00
 101     1.776 55657.97045630 25.61 301.036060 -33.875929 13.939 -100.00 -100.00 -100.00
 101     1.923 55657.97045689 29.13 301.037444 -33.873548 26.507 -100.00 -100.00 -100.00
 101     2.114 55657.97045748 32.17 301.038829 -33.871168   -100 -100.00 -100.00 -100.00
 102     2.261 55667.88609774 25.99 301.033487 -33.877596 13.234 -100.00 -100.00 -100.00
 102     1.856 55667.88609833 28.56 301.034872 -33.875216 20.626 -100.00 -100.00 -100.00
 102     1.774 55667.88609892 31.31 301.036256 -33.872835 31.658 -100.00 -100.00 -100.00
 102     1.897 55667.88609951 34.32 301.037641 -33.870455   -100 -100.00 -100.00 -100.00
 103     2.046 55677.80173752 29.12 301.034502 -33.876759 17.169 -100.00 -100.00 -100.00
 103     1.743 55677.80173811 31.83 301.035887 -33.874379 30.070 -100.00 -100.00 -100.00
 103     1.977 55677.80173870 36.60 301.037271 -33.871998   -100 -100.00 -100.00 -100.00
 104     2.069 55687.71737532 40.74 301.036941 -33.877550   -100 -100.00 -100.00 -100.00
 104     2.133 55687.71737591 40.34 301.038326 -33.875170   -100 -100.00 -100.00 -100.00
 104     2.187 55687.71737650 39.29 301.039710 -33.872789   -100 -100.00 -100.00 -100.00
 104     2.307 55687.71737709 43.32 301.041095 -33.870409   -100 -100.00 -100.00 -100.00
 105     1.981 55697.63301182 29.92 301.040287 -33.878106 17.947 -100.00 -100.00 -100.00
 105     1.960 55697.63301241 30.25 301.041671 -33.875726 21.603 -100.00 -100.00 -100.00
 105     1.798 55697.63301300 32.78 301.043056 -33.873346 29.324 -100.00 -100.00 -100.00
 105     2.154 55697.63301359 33.94 301.044440 -33.870965 26.013 -100.00 -100.00 -100.00
 107     1.738 55717.46429810 34.00 301.040719 -33.878479 32.528 -100.00 -100.00 -100.00
 107     1.968 55717.46429869 31.75 301.042104 -33.876098 19.351 -100.00 -100.00 -100.00
 107     1.810 55717.46429928 34.80 301.043488 -33.873718 32.184 -100.00 -100.00 -100.00
 107     2.145 55717.46429987 39.14 301.044872 -33.871338   -100 -100.00 -100.00 -100.00
 108     2.327 55727.37994607 28.33 301.038362 -33.877824 14.115 -100.00 -100.00 -100.00
 108     1.888 55727.37994666 28.23 301.039746 -33.875444 14.933 -100.00 -100.00 -100.00
 108     1.450 55727.37994725 33.90 301.041131 -33.873064   -100 -100.00 -100.00 -100.00
 108     1.578 55727.37994784 36.65 301.042515 -33.870683   -100 -100.00 -100.00 -100.00
 109     1.861 55737.29559223 43.62 301.037208 -33.877747 11.350 -100.00 -100.00 -100.00
 109     1.779 55737.29559282 37.41 301.038592 -33.875367   -100 -100.00 -100.00 -100.00
 109     1.765 55737.29559341 34.19 301.039976 -33.872987 27.931 -100.00 -100.00 -100.00
 109     1.665 55737.29559400 39.37 301.041361 -33.870607   -100 -100.00 -100.00 -100.00
 110     1.991 55747.21123744 28.75 301.037791 -33.876616 15.047 -100.00 -100.00 -100.00
 110     1.700 55747.21123803 28.92 301.039175 -33.874236 14.160 -100.00 -100.00 -100.00
 110     1.497 55747.21123862 36.68 301.040560 -33.871856   -100 -100.00 -100.00 -100.00
 111     2.286 55757.12688021 26.24 301.037775 -33.877222 11.219 -100.00 -100.00 -100.00
 111     1.987 55757.12688080 26.07 301.039159 -33.874842 11.543 -100.00 -100.00 -100.00
 111     1.487 55757.12688139 30.35 301.040543 -33.872461 22.138 -100.00 -100.00 -100.00
 112     2.305 55767.04252050 27.55 301.037922 -33.877580 13.208 -100.00 -100.00 -100.00
 112     1.845 55767.04252109 27.01 301.039306 -33.875200 11.490 -100.00 -100.00 -100.00
 112     1.666 55767.04252168 28.18 301.040691 -33.872820 14.778 -100.00 -100.00 -100.00
 113     1.899 55776.95815826 32.10 301.038237 -33.876815 23.320 -100.00 -100.00 -100.00
 113     1.826 55776.95815885 30.47 301.039621 -33.874435 17.499 -100.00 -100.00 -100.00
 113     1.682 55776.95815944 37.40 301.041006 -33.872054   -100 -100.00 -100.00 -100.00
 114     2.061 55786.87379336 30.06 301.038396 -33.877034 15.199 -100.00 -100.00 -100.00
 114     1.799 55786.87379395 32.84 301.039780 -33.874654 27.019 -100.00 -100.00 -100.00
 114     2.069 55786.87379454 32.32 301.041165 -33.872274 21.672 -100.00 -100.00 -100.00
 115     2.284 55796.78942697 28.74 301.039984 -33.878337 14.073 -100.00 -100.00 -100.00
 115     1.700 55796.78942756 30.46 301.041369 -33.875957 19.911 -100.00 -100.00 -100.00
 115     1.744 55796.78942815 32.69 301.042753 -33.873576 22.193 -100.00 -100.00 -100.00
 115     1.856 55796.78942875 36.62 301.044138 -33.871196   -100 -100.00 -100.00 -100.00
 116     1.804 55806.70506952 28.54 301.041836 -33.877530 16.084 -100.00 -100.00 -100.00
 116     1.795 55806.70507011 29.01 301.043221 -33.875150 15.553 -100.00 -100.00 -100.00
 116     1.632 55806.70507070 32.66 301.044605 -33.872769 27.816 -100.00 -100.00 -100.00
 117     1.797 55816.62071898 27.46 301.041840 -33.877377 14.058 -100.00 -100.00 -100.00
 117     1.711 55816.62071957 28.94 301.043224 -33.874997 16.385 -100.00 -100.00 -100.00
 117     1.881 55816.62072016 30.58 301.044608 -33.872617 21.267 -100.00 -100.00 -100.00
 118     1.567 55826.53636512 27.16 301.041221 -33.877394 15.284 -100.00 -100.00 -100.00
 118     1.581 55826.53636571 29.42 301.042605 -33.875014 21.422 -100.00 -100.00 -100.00
 118     1.676 55826.53636630 32.75 301.043989 -33.872634 31.817 -100.00 -100.00 -100.00
 119     2.248 55836.45200647 27.76 301.039496 -33.878285 12.640 -100.00 -100.00 -100.00
 119     1.760 55836.45200706 29.24 301.040880 -33.875905 17.073 -100.00 -100.00 -100.00
 119     1.666 55836.45200765 31.76 301.042265 -33.873525 25.403 -100.00 -100.00 -100.00
 119     1.869 55836.45200824 35.49 301.043649 -33.871145   -100 -100.00 -100.00 -100.00
 120     1.947 55846.36764487 27.41 301.039107 -33.877301 13.779 -100.00 -100.00 -100.00
 120     1.804 55846.36764546 27.99 301.040492 -33.874921 16.281 -100.00 -100.00 -100.00
 120     1.745 55846.36764605 29.68 301.041876 -33.872541 20.709 -100.00 -100.00 -100.00
 121     1.719 55856.28328044 27.18 301.040859 -33.877868  9.320 -100.00 -100.00 -100.00
 121     1.311 55856.28328103 28.45 301.042243 -33.875488 12.332 -100.00 -100.00 -100.00
 121     1.322 55856.28328162 30.96 301.043627 -33.873108 18.378 -100.00 -100.00 -100.00
 122     1.964 55866.19892307 26.31 301.042447 -33.877731 13.072 -100.00 -100.00 -100.00
 122     2.042 55866.19892366 27.96 301.043831 -33.875351 16.617 -100.00 -100.00 -100.00
 122     1.934 55866.19892425 32.01 301.045215 -33.872971 30.040 -100.00 -100.00 -100.00
 123     1.474 55876.11457573 37.77 301.042026 -33.876774 28.234 -100.00 -100.00 -100.00
 123     1.471 55876.11457632 36.64 301.043410 -33.874394 26.090 -100.00 -100.00 -100.00
 123     1.591 55876.11457691 41.34 301.044794 -33.872014   -100 -100.00 -100.00 -100.00
 133     1.100 55975.27101096 28.01 301.034031 -33.876619 23.286 -100.00 -100.00 -100.00
 133     1.091 55975.27101155 30.52 301.035416 -33.874238 27.265 -100.00 -100.00 -100.00
 133     1.297 55975.27101214 34.69 301.036800 -33.871858   -100 -100.00 -100.00 -100.00
 134     1.133 55985.18664695 25.00 301.037760 -33.878026 25.046 -100.00 -100.00 -100.00
 134     1.276 55985.18664754 29.50 301.039145 -33.875646   -100 -100.00 -100.00 -100.00
 134     1.630 55985.18664813 29.71 301.040529 -33.873266   -100 -100.00 -100.00 -100.00
 134     1.522 55985.18664872 31.60 301.041914 -33.870885   -100 -100.00 -100.00 -100.00
 136     1.343 56005.01793301 23.76 301.040419 -33.878366 10.128 -100.00 -100.00 -100.00
 136     1.456 56005.01793360 24.18 301.041804 -33.875986 13.032 -100.00 -100.00 -100.00
 136     1.458 56005.01793419 28.45 301.043188 -33.873606 24.429 -100.00 -100.00 -100.00
 136     1.696 56005.01793479 31.89 301.044573 -33.871225 28.986 -100.00 -100.00 -100.00
 137     1.556 56014.93358083 24.60 301.036409 -33.877750 10.580 -100.00 -100.00 -100.00
 137     1.324 56014.93358142 26.31 301.037794 -33.875370 15.105 -100.00 -100.00 -100.00
 137     1.357 56014.93358201 32.60 301.039179 -33.872990   -100 -100.00 -100.00 -100.00
 137     1.492 56014.93358260 32.55 301.040563 -33.870609   -100 -100.00 -100.00 -100.00
 139     1.229 56034.76486905 36.37 301.032511 -33.877261   -100 -100.00 -100.00 -100.00
 139     0.919 56034.76486964 38.53 301.033895 -33.874880   -100 -100.00 -100.00 -100.00
 139     0.822 56034.76487023 39.55 301.035280 -33.872500   -100 -100.00 -100.00 -100.00
 139     1.143 56034.76487082 36.97 301.036665 -33.870120   -100 -100.00 -100.00 -100.00
 141     1.273 56054.59614924 22.15 301.039964 -33.877387 14.851 -100.00 -100.00 -100.00
 141     1.019 56054.59614983 26.70 301.041349 -33.875006 32.639 -100.00 -100.00 -100.00
 141     1.013 56054.59615042 29.84 301.042733 -33.872626   -100 -100.00 -100.00 -100.00
 143     1.269 56074.42742762 23.43 301.042291 -33.877015  9.481 -100.00 -100.00 -100.00
 143     1.363 56074.42742821 26.77 301.043675 -33.874635 16.671 -100.00 -100.00 -100.00
 143     1.653 56074.42742880 28.81 301.045059 -33.872255 18.235 -100.00 -100.00 -100.00
 144     1.379 56084.34307642 26.66 301.038329 -33.876865 18.677 -100.00 -100.00 -100.00
 144     1.326 56084.34307701 26.80 301.039713 -33.874485 21.062 -100.00 -100.00 -100.00
 144     1.154 56084.34307760 32.63 301.041098 -33.872105   -100 -100.00 -100.00 -100.00
 145     1.724 56094.25872298 28.76 301.037152 -33.876450 21.887 -100.00 -100.00 -100.00
 145     1.688 56094.25872357 32.80 301.038537 -33.874070   -100 -100.00 -100.00 -100.00
 145     1.836 56094.25872416 33.89 301.039921 -33.871689   -100 -100.00 -100.00 -100.00
 146     1.171 56104.17436738 31.99 301.037818 -33.876947 25.851 -100.00 -100.00 -100.00
 146     1.352 56104.17436797 33.47 301.039203 -33.874566 26.881 -100.00 -100.00 -100.00
 146     1.777 56104.17436856 36.07 301.040587 -33.872186   -100 -100.00 -100.00 -100.00
 147     1.575 56114.08999722 27.06 301.038203 -33.878016 16.372 -100.00 -100.00 -100.00
 147     1.517 56114.08999781 28.97 301.039588 -33.875635 20.636 -100.00 -100.00 -100.00
 147     1.525 56114.08999840 31.96 301.040972 -33.873255 27.822 -100.00 -100.00 -100.00
 147     1.581 56114.08999899 33.56 301.042356 -33.870875   -100 -100.00 -100.00 -100.00
 148     2.096 56124.00563542 31.28 301.039687 -33.877173 19.909 -100.00 -100.00 -100.00
 148     1.839 56124.00563601 32.08 301.041072 -33.874793 21.557 -100.00 -100.00 -100.00
 148     1.834 56124.00563660 35.17 301.042456 -33.872413   -100 -100.00 -100.00 -100.00
 149     1.579 56133.92126987 31.81 301.041026 -33.876242 27.717 -100.00 -100.00 -100.00
 149     1.685 56133.92127046 35.89 301.042410 -33.873862   -100 -100.00 -100.00 -100.00
 149     3.068 56133.92127105 35.83 301.043795 -33.871482 15.740 -100.00 -100.00 -100.00
 150     1.789 56143.83690869 28.75 301.039269 -33.878110 14.064 -100.00 -100.00 -100.00
 150     1.710 56143.83690928 31.03 301.040653 -33.875729 21.183 -100.00 -100.00 -100.00
 150     1.765 56143.83690987 34.34 301.042038 -33.873349   -100 -100.00 -100.00 -100.00
 150     1.922 56143.83691046 35.58 301.043422 -33.870969   -100 -100.00 -100.00 -100.00
 151     1.483 56153.75255901 28.80 301.036617 -33.878227 15.530 -100.00 -100.00 -100.00
 151     1.495 56153.75255960 29.92 301.038001 -33.875847 17.477 -100.00 -100.00 -100.00
 151     1.419 56153.75256019 33.11 301.039386 -33.873467 28.050 -100.00 -100.00 -100.00
 151     1.642 56153.75256078 34.83 301.040770 -33.871087 30.365 -100.00 -100.00 -100.00
 152     1.802 56163.66820862 28.88 301.036988 -33.877217 12.757 -100.00 -100.00 -100.00
 152     1.609 56163.66820922 33.44 301.038373 -33.874837 26.387 -100.00 -100.00 -100.00
 152     1.520 56163.66820981 36.69 301.039757 -33.872457   -100 -100.00 -100.00 -100.00
 153     2.211 56173.58385576 35.57 301.037397 -33.878176 29.380 -100.00 -100.00 -100.00
 153     2.162 56173.58385635 33.96 301.038781 -33.875796 25.282 -100.00 -100.00 -100.00
 153     2.219 56173.58385694 37.35 301.040165 -33.873416   -100 -100.00 -100.00 -100.00
 153     2.234 56173.58385753 37.00 301.041549 -33.871036   -100 -100.00 -100.00 -100.00
 154     1.794 56183.49949841 28.66 301.039271 -33.876547 15.225 -100.00 -100.00 -100.00
 154     1.557 56183.49949900 27.86 301.040656 -33.874167 11.703 -100.00 -100.00 -100.00
 154     1.315 56183.49949959 34.78 301.042040 -33.871787   -100 -100.00 -100.00 -100.00
 155     2.345 56193.41513657 38.08 301.038602 -33.876697   -100 -100.00 -100.00 -100.00
 155     1.931 56193.41513716 34.86 301.039986 -33.874317 31.135 -100.00 -100.00 -100.00
 155     1.765 56193.41513775 39.50 301.041370 -33.871937   -100 -100.00 -100.00 -100.00
 156     2.068 56203.33077167 38.45 301.037702 -33.877440   -100 -100.00 -100.00 -100.00
 156     2.045 56203.33077226 33.92 301.039086 -33.875061 30.195 -100.00 -100.00 -100.00
 156     1.734 56203.33077285 33.93 301.040471 -33.872681 28.074 -100.00 -100.00 -100.00
 157     2.115 56213.24640524 44.64 301.039966 -33.878167 23.886 -100.00 -100.00 -100.00
 157     2.111 56213.24640583 34.69 301.041350 -33.875787 30.685 -100.00 -100.00 -100.00
 157     1.896 56213.24640642 34.13 301.042734 -33.873407 29.284 -100.00 -100.00 -100.00
 157     1.953 56213.24640701 41.37 301.044118 -33.871027   -100 -100.00 -100.00 -100.00
 161     2.141 56252.90899469 30.48 301.040299 -33.876525 24.774 -100.00 -100.00 -100.00
 161     2.058 56252.90899528 27.69 301.041683 -33.874145 15.370 -100.00 -100.00 -100.00
 161     1.514 56252.90899587 35.01 301.043067 -33.871764   -100 -100.00 -100.00 -100.00
 162     0.934 56262.82463827 43.13 301.038283 -33.876137   -100 -100.00 -100.00 -100.00
 162     1.141 56262.82463886 41.75 301.039667 -33.873757   -100 -100.00 -100.00 -100.00
 162     0.951 56262.82463945 44.93 301.041052 -33.871377  6.990 -100.00 -100.00 -100.00
 164     2.286 56282.65592296 31.22 301.037377 -33.878331 15.561 -100.00 -100.00 -100.00
 164     1.987 56282.65592355 32.36 301.038761 -33.875950 21.692 -100.00 -100.00 -100.00
 164     1.755 56282.65592414 34.43 301.040145 -33.873570 30.857 -100.00 -100.00 -100.00
 164     2.004 56282.65592473 38.44 301.041530 -33.871190   -100 -100.00 -100.00 -100.00
 165     2.271 56292.57157543 28.41 301.035860 -33.877780 19.160 -100.00 -100.00 -100.00
 165     1.712 56292.57157602 30.01 301.037244 -33.875400 27.075 -100.00 -100.00 -100.00
 165     1.751 56292.57157661 32.61 301.038628 -33.873020   -100 -100.00 -100.00 -100.00
 165     1.770 56292.57157720 35.89 301.040012 -33.870640   -100 -100.00 -100.00 -100.00
 166     2.256 56302.48722344 27.56 301.034101 -33.876527 18.788 -100.00 -100.00 -100.00
 166     1.795 56302.48722403 29.55 301.035485 -33.874147 26.985 -100.00 -100.00 -100.00
 166     1.645 56302.48722462 34.64 301.036869 -33.871767   -100 -100.00 -100.00 -100.00
 167     1.998 56312.40286658 29.69 301.031471 -33.877076 23.971 -100.00 -100.00 -100.00
 167     1.976 56312.40286717 28.89 301.032855 -33.874696 23.878 -100.00 -100.00 -100.00
 167     2.006 56312.40286776 31.20 301.034240 -33.872316 31.683 -100.00 -100.00 -100.00
 167     2.972 56312.40286835 33.94 301.035624 -33.869936 19.503 -100.00 -100.00 -100.00
 168     2.232 56322.31850770 24.00 301.031133 -33.876586 10.015 -100.00 -100.00 -100.00
 168     1.817 56322.31850829 26.32 301.032517 -33.874206 17.595 -100.00 -100.00 -100.00
 168     1.649 56322.31850888 27.84 301.033901 -33.871826 20.973 -100.00 -100.00 -100.00
 169     1.271 56332.23414832 25.15 301.033387 -33.875694 14.702 -100.00 -100.00 -100.00
 169     1.298 56332.23414891 31.66 301.034771 -33.873313   -100 -100.00 -100.00 -100.00
 169     1.477 56332.23414950 32.95 301.036155 -33.870933 31.968 -100.00 -100.00 -100.00
 170     2.144 56342.14978812 28.34 301.036122 -33.876673 21.731 -100.00 -100.00 -100.00
 170     1.510 56342.14978871 34.28 301.037506 -33.874293   -100 -100.00 -100.00 -100.00
 170     2.025 56342.14978930 35.68 301.038891 -33.871912   -100 -100.00 -100.00 -100.00
 171     1.850 56352.06542602 24.10 301.040182 -33.876401 16.025 -100.00 -100.00 -100.00
 171     1.287 56352.06542661 29.07 301.041567 -33.874020   -100 -100.00 -100.00 -100.00
 171     1.406 56352.06542720 33.05 301.042951 -33.871640   -100 -100.00 -100.00 -100.00
 172     1.626 56361.98106641 39.94 301.040944 -33.876551   -100 -100.00 -100.00 -100.00
 172     1.427 56361.98106700 37.83 301.042329 -33.874170   -100 -100.00 -100.00 -100.00
 172     1.545 56361.98106759 41.93 301.043713 -33.871790   -100 -100.00 -100.00 -100.00
 173     2.040 56371.89671512 25.07 301.036087 -33.877703 20.328 -100.00 -100.00 -100.00
 173     1.653 56371.89671571 25.91 301.037471 -33.875323 23.138 -100.00 -100.00 -100.00
 173     1.632 56371.89671630 30.53 301.038856 -33.872943   -100 -100.00 -100.00 -100.00
 173     1.989 56371.89671689 30.78 301.040240 -33.870562 26.904 -100.00 -100.00 -100.00
 174     1.487 56381.81236204 34.09 301.033483 -33.876036   -100 -100.00 -100.00 -100.00
 174     1.474 56381.81236263 36.93 301.034867 -33.873655  4.605 -100.00 -100.00 -100.00
 174     1.948 56381.81236322 36.67 301.036252 -33.871275   -100 -100.00 -100.00 -100.00
 175     1.666 56391.72800679 25.49 301.032858 -33.876066 24.014 -100.00 -100.00 -100.00
 175     1.552 56391.72800738 29.22 301.034243 -33.873686   -100 -100.00 -100.00 -100.00
 175     1.820 56391.72800797 30.66 301.035627 -33.871305   -100 -100.00 -100.00 -100.00
 176     1.488 56401.64364981 45.69 301.034818 -33.877185   -100 -100.00 -100.00 -100.00
 176     1.481 56401.64365040 46.84 301.036203 -33.874805   -100 -100.00 -100.00 -100.00
 176     1.791 56401.64365099 49.85 301.037587 -33.872424   -100 -100.00 -100.00 -100.00
 177     1.389 56411.55929050 34.88 301.038757 -33.876419 31.853 -100.00 -100.00 -100.00
 177     1.395 56411.55929109 34.10 301.040141 -33.874039 28.889 -100.00 -100.00 -100.00
 177     1.408 56411.55929168 37.04 301.041526 -33.871658   -100 -100.00 -100.00 -100.00
 178     1.387 56421.47492572 30.68 301.041982 -33.877104 23.784 -100.00 -100.00 -100.00
 178     1.387 56421.47492631 31.94 301.043366 -33.874724 30.077 -100.00 -100.00 -100.00
 178     1.605 56421.47492690 35.23 301.044750 -33.872344   -100 -100.00 -100.00 -100.00
 179     2.036 56431.39056454 26.81 301.041702 -33.878299 11.982 -100.00 -100.00 -100.00
 179     1.441 56431.39056513 28.47 301.043086 -33.875918 15.966 -100.00 -100.00 -100.00
 179     1.644 56431.39056572 32.57 301.044471 -33.873538 26.920 -100.00 -100.00 -100.00
 179     1.805 56431.39056632 34.77 301.045855 -33.871158 30.722 -100.00 -100.00 -100.00
 180     1.470 56441.30621638 34.65 301.036768 -33.878029 28.211 -100.00 -100.00 -100.00
 180     1.370 56441.30621697 33.18 301.038153 -33.875649 23.750 -100.00 -100.00 -100.00
 180     1.538 56441.30621756 34.68 301.039537 -33.873269 26.749 -100.00 -100.00 -100.00
 180     1.701 56441.30621815 37.71 301.040921 -33.870888 32.026 -100.00 -100.00 -100.00
 181     1.970 56451.22186580 24.05 301.034092 -33.877685 11.454 -100.00 -100.00 -100.00
 181     1.658 56451.22186639 27.99 301.035477 -33.875305 22.947 -100.00 -100.00 -100.00
 181     1.473 56451.22186698 27.81 301.036861 -33.872925 21.737 -100.00 -100.00 -100.00
 181     1.547 56451.22186757 30.52 301.038245 -33.870544 30.042 -100.00 -100.00 -100.00
 182     1.835 56461.13751313 30.83 301.033725 -33.877492 21.996 -100.00 -100.00 -100.00
 182     1.549 56461.13751372 33.32 301.035109 -33.875112   -100 -100.00 -100.00 -100.00
 182     1.736 56461.13751431 34.94 301.036494 -33.872732   -100 -100.00 -100.00 -100.00
 182     1.980 56461.13751490 36.78 301.037878 -33.870351   -100 -100.00 -100.00 -100.00
 183     1.190 56471.05315752 29.98 301.034434 -33.876232 23.558 -100.00 -100.00 -100.00
 183     1.459 56471.05315812 31.58 301.035818 -33.873852 30.210 -100.00 -100.00 -100.00
 183     1.534 56471.05315871 33.17 301.037202 -33.871472   -100 -100.00 -100.00 -100.00
 184     1.909 56480.96879811 39.84 301.034838 -33.876369   -100 -100.00 -100.00 -100.00
 184     1.857 56480.96879870 34.92 301.036222 -33.873988 29.365 -100.00 -100.00 -100.00
 184     1.914 56480.96879929 39.57 301.037606 -33.871608   -100 -100.00 -100.00 -100.00
 185     1.815 56490.88443471 36.25 301.034740 -33.878058   -100 -100.00 -100.00 -100.00
 185     1.797 56490.88443530 31.69 301.036125 -33.875678 24.211 -100.00 -100.00 -100.00
 185     1.841 56490.88443589 32.77 301.037509 -33.873298 26.887 -100.00 -100.00 -100.00
 185     1.806 56490.88443648 37.74 301.038894 -33.870918   -100 -100.00 -100.00 -100.00
 187     1.786 56510.71570377 36.83 301.042348 -33.876803   -100 -100.00 -100.00 -100.00
 187     1.724 56510.71570436 34.10 301.043733 -33.874423 28.700 -100.00 -100.00 -100.00
 187     1.704 56510.71570495 42.04 301.045117 -33.872042  2.032 -100.00 -100.00 -100.00
 189     2.281 56530.54700106 34.21 301.040600 -33.878088 28.411 -100.00 -100.00 -100.00
 189     1.888 56530.54700165 31.35 301.041984 -33.875708 20.162 -100.00 -100.00 -100.00
 189     1.843 56530.54700224 35.59 301.043368 -33.873328   -100 -100.00 -100.00 -100.00
 189     2.178 56530.54700284 40.58 301.044752 -33.870948   -100 -100.00 -100.00 -100.00
 191     2.703 56550.37829540 31.46 301.036576 -33.877324 17.501 -100.00 -100.00 -100.00
 191     2.466 56550.37829599 31.38 301.037961 -33.874944 16.583 -100.00 -100.00 -100.00
 191     2.441 56550.37829658 35.37 301.039345 -33.872564 31.949 -100.00 -100.00 -100.00
 192     2.368 56560.29393763 35.02 301.034769 -33.878266   -100 -100.00 -100.00 -100.00
 192     1.639 56560.29393822 31.44 301.036154 -33.875886 24.971 -100.00 -100.00 -100.00
 192     1.563 56560.29393881 32.22 301.037538 -33.873506 27.605 -100.00 -100.00 -100.00
 192     1.725 56560.29393940 35.57 301.038922 -33.871126   -100 -100.00 -100.00 -100.00
 193     2.243 56570.20957930 28.51 301.035978 -33.877743 12.074 -100.00 -100.00 -100.00
 193     1.428 56570.20957989 29.98 301.037362 -33.875363 14.678 -100.00 -100.00 -100.00
 193     1.458 56570.20958049 32.06 301.038746 -33.872984 20.148 -100.00 -100.00 -100.00
 193     1.606 56570.20958108 34.67 301.040130 -33.870604 24.029 -100.00 -100.00 -100.00
 194     1.288 56580.12522013 47.14 301.039778 -33.876575   -100 -100.00 -100.00 -100.00
 194     1.505 56580.12522072 49.83 301.041162 -33.874195   -100 -100.00 -100.00 -100.00
 194     1.483 56580.12522131 51.93 301.042546 -33.871815   -100 -100.00 -100.00 -100.00
 197     2.238 56609.87215347 29.25 301.039133 -33.877735 20.729 -100.00 -100.00 -100.00
 197     1.861 56609.87215407 30.36 301.040517 -33.875355 27.158 -100.00 -100.00 -100.00
 197     2.237 56609.87215466 30.43 301.041901 -33.872975 24.214 -100.00 -100.00 -100.00
 197     2.125 56609.87215525 37.22 301.043285 -33.870594   -100 -100.00 -100.00 -100.00
 198     1.370 56619.78779981 28.00 301.037307 -33.876757 21.153 -100.00 -100.00 -100.00
 198     1.357 56619.78780040 29.18 301.038691 -33.874377 27.091 -100.00 -100.00 -100.00
 198     1.600 56619.78780099 30.86 301.040075 -33.871997 31.098 -100.00 -100.00 -100.00
 199     2.112 56629.70344307 31.76 301.036862 -33.876734 21.033 -100.00 -100.00 -100.00
 199     2.195 56629.70344366 30.87 301.038246 -33.874353 17.142 -100.00 -100.00 -100.00
 199     2.240 56629.70344425 33.60 301.039630 -33.871973 23.900 -100.00 -100.00 -100.00
 200     1.639 56639.61908304 37.56 301.038316 -33.877064 32.088 -100.00 -100.00 -100.00
 200     1.735 56639.61908363 39.90 301.039701 -33.874684   -100 -100.00 -100.00 -100.00
 200     1.827 56639.61908422 41.75 301.041085 -33.872303   -100 -100.00 -100.00 -100.00
 201     1.050 56649.53472904 27.31 301.037455 -33.877700 27.979 -100.00 -100.00 -100.00
 201     1.353 56649.53472963 28.46 301.038839 -33.875320 29.650 -100.00 -100.00 -100.00
 201     1.624 56649.53473022 31.81 301.040223 -33.872939   -100 -100.00 -100.00 -100.00
 201     1.653 56649.53473081 33.09 301.041608 -33.870559 32.026 -100.00 -100.00 -100.00
 202     1.168 56659.45038043 23.41 301.033898 -33.877217 22.404 -100.00 -100.00 -100.00
 202     1.094 56659.45038102 26.96 301.035283 -33.874837   -100 -100.00 -100.00 -100.00
 202     1.326 56659.45038161 27.69 301.036667 -33.872457   -100 -100.00 -100.00 -100.00
 203     2.005 56669.36602791 29.30 301.031841 -33.876362 23.339 -100.00 -100.00 -100.00
 203     2.093 56669.36602851 32.79 301.033225 -33.873981   -100 -100.00 -100.00 -100.00
 203     2.216 56669.36602910 34.00 301.034610 -33.871601   -100 -100.00 -100.00 -100.00
 205     1.592 56689.19731623 42.09 301.034101 -33.876375   -100 -100.00 -100.00 -100.00
 205     1.611 56689.19731682 45.14 301.035486 -33.873995   -100 -100.00 -100.00 -100.00
 205     1.454 56689.19731741 49.40 301.036870 -33.871615   -100 -100.00 -100.00 -100.00
 206     1.665 56699.11295684 29.54 301.036594 -33.876774 13.025 -100.00 -100.00 -100.00
 206     1.697 56699.11295743 31.20 301.037978 -33.874394 15.714 -100.00 -100.00 -100.00
 206     2.064 56699.11295802 33.86 301.039362 -33.872014 24.224 -100.00 -100.00 -100.00
 207     1.212 56709.02859300 25.34 301.039417 -33.876469  6.049 -100.00 -100.00 -100.00
 207     1.549 56709.02859359 28.29 301.040802 -33.874088 10.225 -100.00 -100.00 -100.00
 207     1.554 56709.02859418 32.25 301.042186 -33.871708 18.947 -100.00 -100.00 -100.00
 208     1.771 56718.94423259 25.52 301.039400 -33.876202 15.321 -100.00 -100.00 -100.00
 208     1.397 56718.94423318 30.33 301.040785 -33.873822 29.155 -100.00 -100.00 -100.00
 208     1.427 56718.94423377 33.04 301.042170 -33.871441   -100 -100.00 -100.00 -100.00
 209     1.986 56728.85988473 21.90 301.034686 -33.876739  7.345 -100.00 -100.00 -100.00
 209     1.118 56728.85988532 28.41 301.036071 -33.874359 23.437 -100.00 -100.00 -100.00
 209     1.163 56728.85988591 31.03 301.037455 -33.871978   -100 -100.00 -100.00 -100.00
 211     2.056 56748.69117854 27.02 301.033920 -33.876358 13.662 -100.00 -100.00 -100.00
 211     1.988 56748.69117913 30.24 301.035304 -33.873978 23.152 -100.00 -100.00 -100.00
 211     1.927 56748.69117972 34.61 301.036688 -33.871597   -100 -100.00 -100.00 -100.00
 212     2.163 56758.60681860 30.85 301.036161 -33.877940 24.789 -100.00 -100.00 -100.00
 212     2.029 56758.60681919 26.99 301.037545 -33.875559 14.292 -100.00 -100.00 -100.00
 212     1.713 56758.60681978 30.83 301.038929 -33.873178 25.584 -100.00 -100.00 -100.00
 212     1.939 56758.60682037 31.37 301.040314 -33.870798 26.534 -100.00 -100.00 -100.00
 213     1.808 56768.52245291 31.99 301.040432 -33.877989 16.377 -100.00 -100.00 -100.00
 213     1.561 56768.52245350 31.38 301.041816 -33.875609 13.919 -100.00 -100.00 -100.00
 213     1.868 56768.52245409 33.76 301.043201 -33.873229 21.231 -100.00 -100.00 -100.00
 213     2.217 56768.52245468 40.13 301.044585 -33.870848   -100 -100.00 -100.00 -100.00
 214     1.513 56778.43810029 28.92 301.039386 -33.876469 10.846 -100.00 -100.00 -100.00
 214     1.560 56778.43810088 34.08 301.040770 -33.874089 25.456 -100.00 -100.00 -100.00
 214     1.822 56778.43810147 34.40 301.042154 -33.871709 21.835 -100.00 -100.00 -100.00
 215     2.063 56788.35375493 25.18 301.033783 -33.877596  8.899 -100.00 -100.00 -100.00
 215     1.287 56788.35375552 28.54 301.035167 -33.875215 12.642 -100.00 -100.00 -100.00
 215     1.491 56788.35375611 29.93 301.036551 -33.872835 19.969 -100.00 -100.00 -100.00
 215     1.727 56788.35375670 35.43 301.037936 -33.870455 31.968 -100.00 -100.00 -100.00
 216     2.176 56798.26940640 29.79 301.030228 -33.877193 15.017 -100.00 -100.00 -100.00
 216     1.958 56798.26940699 30.48 301.031613 -33.874813 16.374 -100.00 -100.00 -100.00
 216     1.881 56798.26940758 34.59 301.032997 -33.872433 31.773 -100.00 -100.00 -100.00
 216     2.021 56798.26940817 36.08 301.034381 -33.870052   -100 -100.00 -100.00 -100.00
 217     2.008 56808.18505247 34.77 301.030137 -33.876212 16.771 -100.00 -100.00 -100.00
 217     1.885 56808.18505306 32.08 301.031522 -33.873832 11.800 -100.00 -100.00 -100.00
 217     1.728 56808.18505365 33.82 301.032906 -33.871451 17.355 -100.00 -100.00 -100.00
 219     2.187 56828.01632969 37.89 301.034367 -33.875810 29.898 -100.00 -100.00 -100.00
 219     2.218 56828.01633028 40.61 301.035752 -33.873430   -100 -100.00 -100.00 -100.00
 219     2.680 56828.01633087 42.89 301.037136 -33.871049 28.700 -100.00 -100.00 -100.00
 220     1.930 56837.93196310 38.52 301.035938 -33.877307   -100 -100.00 -100.00 -100.00
 220     1.938 56837.93196369 34.95 301.037323 -33.874927 22.151 -100.00 -100.00 -100.00
 220     1.942 56837.93196428 34.86 301.038708 -33.872547 22.494 -100.00 -100.00 -100.00
 221     2.248 56847.84759463 30.72 301.040092 -33.876539 15.813 -100.00 -100.00 -100.00
 221     2.082 56847.84759522 32.91 301.041477 -33.874159 23.244 -100.00 -100.00 -100.00
 221     2.207 56847.84759581 34.90 301.042861 -33.871779 28.034 -100.00 -100.00 -100.00
 222     2.261 56857.76324737 42.88 301.037756 -33.876613   -100 -100.00 -100.00 -100.00
 222     2.273 56857.76324796 43.41 301.039141 -33.874232   -100 -100.00 -100.00 -100.00
 222     2.698 56857.76324855 46.44 301.040525 -33.871852   -100 -100.00 -100.00 -100.00
 223     2.233 56867.67890068 34.68 301.036500 -33.877365 23.313 -100.00 -100.00 -100.00
 223     2.078 56867.67890127 35.77 301.037885 -33.874985 30.749 -100.00 -100.00 -100.00
 223     2.061 56867.67890186 38.84 301.039269 -33.872605   -100 -100.00 -100.00 -100.00
 224     2.288 56877.59455242 45.01 301.035514 -33.877217   -100 -100.00 -100.00 -100.00
 224     2.483 56877.59455301 47.21 301.036898 -33.874836   -100 -100.00 -100.00 -100.00
 224     2.475 56877.59455360 48.10 301.038282 -33.872456   -100 -100.00 -100.00 -100.00
 225     2.148 56887.51020115 32.70 301.034219 -33.875855 23.463 -100.00 -100.00 -100.00
 225     1.987 56887.51020174 35.83 301.035603 -33.873475   -100 -100.00 -100.00 -100.00
 225     2.134 56887.51020233 39.02 301.036987 -33.871095   -100 -100.00 -100.00 -100.00
 226     1.856 56897.42584670 39.77 301.031812 -33.875520   -100 -100.00 -100.00 -100.00
 226     1.891 56897.42584729 36.80 301.033196 -33.873140   -100 -100.00 -100.00 -100.00
 226     2.379 56897.42584788 42.13 301.034580 -33.870760   -100 -100.00 -100.00 -100.00
 227     2.154 56907.34148925 36.06 301.030369 -33.875920 27.022 -100.00 -100.00 -100.00
 227     1.855 56907.34148984 35.62 301.031753 -33.873541 29.661 -100.00 -100.00 -100.00
 227     1.896 56907.34149043 41.35 301.033137 -33.871161   -100 -100.00 -100.00 -100.00
 228     2.218 56917.25712983 36.71 301.031528 -33.876600 31.415 -100.00 -100.00 -100.00
 228     1.996 56917.25713042 37.29 301.032912 -33.874220   -100 -100.00 -100.00 -100.00
 228     2.283 56917.25713101 38.45 301.034296 -33.871840   -100 -100.00 -100.00 -100.00
 229     2.224 56927.17276868 35.82 301.035363 -33.877286 17.184 -100.00 -100.00 -100.00
 229     2.132 56927.17276927 35.60 301.036747 -33.874906 18.718 -100.00 -100.00 -100.00
 229     2.160 56927.17276986 39.80 301.038131 -33.872526   -100 -100.00 -100.00 -100.00
 230     2.080 56937.08840422 46.28 301.040415 -33.877258 29.466 -100.00 -100.00 -100.00
 230     2.326 56937.08840481 47.13 301.041799 -33.874878 27.992 -100.00 -100.00 -100.00
 230     2.009 56937.08840540 51.46 301.043183 -33.872498   -100 -100.00 -100.00 -100.00
 232     2.276 56956.91968881 26.72 301.039874 -33.878035 10.441 -100.00 -100.00 -100.00
 232     1.759 56956.91968940 28.36 301.041259 -33.875655 16.000 -100.00 -100.00 -100.00
 232     1.722 56956.91968999 30.79 301.042643 -33.873274 24.122 -100.00 -100.00 -100.00
 232     1.950 56956.91969058 34.99 301.044027 -33.870894   -100 -100.00 -100.00 -100.00
 233     2.367 56966.83533783 30.58 301.036644 -33.876757 13.556 -100.00 -100.00 -100.00
 233     2.334 56966.83533842 31.02 301.038028 -33.874377 14.328 -100.00 -100.00 -100.00
 233     2.551 56966.83533901 33.91 301.039412 -33.871997 20.251 -100.00 -100.00 -100.00
 234     2.151 56976.75098279 29.59 301.035626 -33.877012 16.872 -100.00 -100.00 -100.00
 234     1.637 56976.75098338 30.29 301.037010 -33.874632 18.873 -100.00 -100.00 -100.00
 234     1.749 56976.75098397 34.40 301.038394 -33.872252   -100 -100.00 -100.00 -100.00
 235     2.128 56986.66662341 27.39 301.037066 -33.877852 14.378 -100.00 -100.00 -100.00
 235     1.947 56986.66662400 28.07 301.038451 -33.875472 17.667 -100.00 -100.00 -100.00
 235     1.884 56986.66662459 28.65 301.039835 -33.873092 18.950 -100.00 -100.00 -100.00
 235     2.079 56986.66662518 35.34 301.041219 -33.870712   -100 -100.00 -100.00 -100.00
 236     1.957 56996.58225898 28.04 301.041876 -33.876219 15.902 -100.00 -100.00 -100.00
 236     1.827 56996.58225957 29.62 301.043260 -33.873838 19.068 -100.00 -100.00 -100.00
 236     2.062 56996.58226016 32.38 301.044644 -33.871458 24.633 -100.00 -100.00 -100.00
 237     1.969 57006.49790409 29.75 301.040306 -33.877358 18.585 -100.00 -100.00 -100.00
 237     1.970 57006.49790468 30.75 301.041690 -33.874978 21.098 -100.00 -100.00 -100.00
 237     2.168 57006.49790527 34.20 301.043074 -33.872598 32.108 -100.00 -100.00 -100.00
 238     1.587 57016.41355829 28.29 301.035036 -33.877364 17.129 -100.00 -100.00 -100.00
 238     1.563 57016.41355888 29.07 301.036420 -33.874984 21.520 -100.00 -100.00 -100.00
 238     1.452 57016.41355947 30.90 301.037805 -33.872604 27.122 -100.00 -100.00 -100.00
 238     1.756 57016.41356006 35.13 301.039189 -33.870224   -100 -100.00 -100.00 -100.00
 239     1.769 57026.32920876 27.81 301.032237 -33.876651 15.290 -100.00 -100.00 -100.00
 239     1.772 57026.32920935 30.61 301.033622 -33.874271 20.877 -100.00 -100.00 -100.00
 239     1.705 57026.32920994 34.21 301.035006 -33.871891   -100 -100.00 -100.00 -100.00
 240     2.478 57036.24485730 39.84 301.032633 -33.876181   -100 -100.00 -100.00 -100.00
 240     2.356 57036.24485789 38.35 301.034017 -33.873801 31.509 -100.00 -100.00 -100.00
 240     2.629 57036.24485848 42.81 301.035402 -33.871421   -100 -100.00 -100.00 -100.00
 241     1.925 57046.16050292 29.83 301.034193 -33.877455 16.445 -100.00 -100.00 -100.00
 241     1.946 57046.16050351 30.46 301.035578 -33.875075 17.537 -100.00 -100.00 -100.00
 241     2.151 57046.16050410 33.28 301.036962 -33.872694 25.309 -100.00 -100.00 -100.00
 241     2.171 57046.16050470 37.13 301.038346 -33.870314   -100 -100.00 -100.00 -100.00
 242     2.245 57056.07614561 26.86 301.036927 -33.877092 11.380 -100.00 -100.00 -100.00
 242     1.991 57056.07614620 29.08 301.038311 -33.874711 15.185 -100.00 -100.00 -100.00
 242     2.138 57056.07614679 31.43 301.039695 -33.872331 22.554 -100.00 -100.00 -100.00
 243     1.914 57065.99178276 27.47 301.037731 -33.877815 19.253 -100.00 -100.00 -100.00
 243     1.579 57065.99178335 28.22 301.039115 -33.875435 19.870 -100.00 -100.00 -100.00
 243     1.684 57065.99178394 28.58 301.040500 -33.873054 18.839 -100.00 -100.00 -100.00
 243     1.661 57065.99178453 34.30 301.041884 -33.870674   -100 -100.00 -100.00 -100.00
 244     1.681 57075.90741581 39.82 301.038803 -33.877832 28.827 -100.00 -100.00 -100.00
 244     1.652 57075.90741640 39.90 301.040187 -33.875452 26.847 -100.00 -100.00 -100.00
 244     1.668 57075.90741699 42.07 301.041572 -33.873071   -100 -100.00 -100.00 -100.00
 244     1.648 57075.90741758 44.39 301.042956 -33.870691   -100 -100.00 -100.00 -100.00
 245     1.882 57085.82304637 29.19 301.042516 -33.877143 19.805 -100.00 -100.00 -100.00
 245     1.757 57085.82304696 30.04 301.043900 -33.874763 19.598 -100.00 -100.00 -100.00
 245     1.986 57085.82304755 36.56 301.045285 -33.872382   -100 -100.00 -100.00 -100.00
 246     1.392 57095.73870359 30.64 301.039730 -33.876706 29.770 -100.00 -100.00 -100.00
 246     1.691 57095.73870419 32.22 301.041114 -33.874326   -100 -100.00 -100.00 -100.00
 246     1.625 57095.73870478 35.59 301.042499 -33.871945   -100 -100.00 -100.00 -100.00
 247     1.921 57105.65435989 30.85 301.037511 -33.877364 16.185 -100.00 -100.00 -100.00
 247     1.798 57105.65436048 32.36 301.038896 -33.874983 22.810 -100.00 -100.00 -100.00
 247     1.996 57105.65436108 35.35 301.040280 -33.872603   -100 -100.00 -100.00 -100.00
 248     1.571 57115.57001197 29.22 301.037608 -33.876505 30.727 -100.00 -100.00 -100.00
 248     1.462 57115.57001256 31.91 301.038992 -33.874125   -100 -100.00 -100.00 -100.00
 248     1.715 57115.57001315 35.40 301.040376 -33.871744   -100 -100.00 -100.00 -100.00
 249     1.580 57125.48565724 28.67 301.036391 -33.876982 24.364 -100.00 -100.00 -100.00
 249     1.482 57125.48565783 30.77 301.037775 -33.874602 32.544 -100.00 -100.00 -100.00
 249     1.648 57125.48565842 31.89 301.039159 -33.872221   -100 -100.00 -100.00 -100.00
 250     2.054 57135.40129718 36.36 301.035718 -33.876207 29.907 -100.00 -100.00 -100.00
 250     1.587 57135.40129777 35.62 301.037103 -33.873827   -100 -100.00 -100.00 -100.00
 250     1.689 57135.40129836 45.07 301.038487 -33.871447   -100 -100.00 -100.00 -100.00
