# NaN NaN NaN ;Mean Elev.(m), Avg Gradient(m/km), RMS Gradient(m/km) - SRTM1     
# NaN NaN NaN ;Mean Elev.(m), Avg Gradient(m/km), RMS Gradient(m/km) - ASTER GDEM
#    5.663  -0.043   1.551 ;Mean Elev.(m), Avg Gradient(m/km), RMS Gradient(m/km) - GMTED2010 
   1 299.474009 -33.099057    11.177    10.825 20 54660.05900250 21.025
   2 299.471502 -33.098119     5.349     5.367 18 54669.97464723 39.867
   3 299.468206 -33.095542     5.212     5.176 16 54679.89028996 47.794
   4 299.468778 -33.095591     5.357     5.307 16 54689.80593269 40.948
   5 299.473854 -33.099057     6.362     5.463 20 54699.72157454 31.901
   6 299.474819 -33.097113     7.202     5.728 20 54709.63721914 31.797
   7 299.473130 -33.097242     6.022     5.540 20 54719.55287068 33.966
   8 299.469986 -33.096784     5.211     5.217 17 54729.46851933 33.608
   9 299.464997 -33.093559     5.250     5.287 14 54739.38416561 37.748
  10 299.462714 -33.092852     4.972     4.931 11 54749.29981235 36.235
  11 299.460835 -33.090693     5.690     5.661 10 54759.21545849 36.374
  12 299.463150 -33.092558     5.708     5.698 11 54769.13110344 35.251
  13 299.466820 -33.094727     6.213     6.038 14 54779.04674523 38.556
  14 299.469685 -33.095946     6.234     6.185 17 54788.96238441 40.694
  15 299.471311 -33.097132     6.214     6.176 19 54798.87802275 42.230
  17 299.474586 -33.097764     5.938     5.122 19 54818.70929946 32.039
  18 299.472676 -33.098356     4.621     4.630 19 54828.62495193 34.998
  19 299.466632 -33.093945     4.635     4.623 15 54838.54059018 35.299
  20 299.456901 -33.084937     4.451     4.412  5 54848.45623738 35.177
  21 299.452966 -33.083983     4.821     4.793  3 54858.37188595 30.580
  23 299.452606 -33.084047     4.930     4.930  2 54878.20318284 51.833
  24 299.455510 -33.084299    10.096     5.342  4 54888.11882790 34.233
  25 299.457510 -33.085716     5.573     5.545  5 54898.03446966 38.714
  26 299.456084 -33.084622     5.381     5.388  4 54907.95010820 34.552
  27 299.455628 -33.084577     5.005     5.027  4 54917.86574592 35.081
  28 299.461334 -33.091923     5.020     4.908 10 54927.78138574 34.837
  29 299.466865 -33.094896     5.141     5.087 14 54937.69702411 37.966
  30 299.473818 -33.098821     4.951     4.705 20 54947.61266106 34.255
  31 299.475846 -33.095505     4.515     4.530 20 54957.52829571 33.837
  32 299.474312 -33.097222     4.399     4.423 20 54967.44394451 36.140
  33 299.471726 -33.097781     5.446     4.556 19 54977.35959166 32.749
  34 299.468652 -33.096188     4.699     4.711 16 54987.27523814 43.081
  35 299.467468 -33.095073     4.928     4.819 16 54997.19088492 45.725
  36 299.467251 -33.095084     4.900     4.797 15 55007.10653021 50.804
  37 299.466445 -33.094907     4.889     4.876 14 55017.02217324 38.201
  38 299.463680 -33.092793     5.024     5.037 13 55026.93781444 41.058
  39 299.461145 -33.090726     5.647     5.732 11 55036.85345540 40.720
  40 299.464055 -33.093161     5.721     5.718 13 55046.76909705 37.888
  41 299.470975 -33.097189     7.367     5.608 18 55056.68473764 35.823
  42 299.475482 -33.096526     5.796     5.730 19 55066.60037489 33.455
  43 299.473690 -33.096882     8.188     5.879 20 55076.51602500 32.283
  44 299.468582 -33.095627     5.650     5.680 16 55086.43167218 44.079
  45 299.462734 -33.092209     5.896     5.876 12 55096.34731711 37.285
  46 299.460843 -33.090729     6.059     6.017 10 55106.26296226 52.269
  47 299.463355 -33.092591     6.351     6.367 13 55116.17860799 40.614
  48 299.467352 -33.095233     6.195     6.123 15 55126.09425164 41.633
  49 299.469642 -33.096394     6.975     6.327 17 55136.00989243 35.077
  50 299.470315 -33.096950     6.544     6.544 18 55145.92553113 38.868
  51 299.469221 -33.095603     7.039     6.985 17 55155.84116887 35.214
  52 299.470535 -33.097045     7.230     7.227 17 55165.75680780 35.995
  53 299.473399 -33.098842     7.339     7.327 20 55175.67244682 35.687
  54 299.474378 -33.097673    11.132     7.484 19 55185.58808869 31.680
  55 299.470420 -33.096789     8.486     7.642 17 55195.50374000 35.313
  56 299.463287 -33.092750     7.845     7.785 12 55205.41938892 43.426
  57 299.454997 -33.084638     8.027     7.991  4 55215.33503610 35.348
  58 299.453220 -33.083764     8.078     8.071  3 55225.25068448 38.077
  59 299.455296 -33.084722     8.154     8.151  3 55235.16633141 48.097
  60 299.463211 -33.092928     8.445     8.440 12 55245.08197684 38.353
  61 299.464115 -33.092511     8.514     8.452 13 55254.99761708 41.187
  62 299.462528 -33.092509     8.209     8.186 11 55264.91325574 38.632
  63 299.456781 -33.084819     8.003     7.938  5 55274.82889180 36.406
  64 299.462866 -33.092369     7.710     7.694 11 55284.74453140 41.054
  65 299.470499 -33.096946     7.375     7.415 17 55294.66016894 34.664
  66 299.474361 -33.096735     7.225     7.219 20 55304.57580785 34.602
  67 299.474025 -33.098634     7.160     7.157 20 55314.49145576 44.102
  68 299.470180 -33.096632     7.069     7.052 17 55324.40710049 34.346
  69 299.466875 -33.095055     7.142     7.132 15 55334.32274377 35.993
  70 299.464403 -33.092787     7.213     7.186 13 55344.23838650 38.485
  71 299.465753 -33.094122     7.164     7.039 14 55354.15402954 44.226
  72 299.467135 -33.094375     7.695     6.862 15 55364.06967020 33.887
  73 299.469250 -33.096432    10.343     6.728 17 55373.98530960 31.455
  74 299.470020 -33.096696     6.300     6.325 17 55383.90094749 34.685
  75 299.470867 -33.096611     9.409     5.933 18 55393.81658467 31.524
  76 299.474179 -33.097872     9.202     6.296 20 55403.73222239 29.650
  77 299.473696 -33.098482     8.082     6.038 19 55413.64787425 32.324
  78 299.472793 -33.097507     8.315     6.102 20 55423.56352298 31.587
  79 299.472194 -33.097897     5.422     5.395 19 55433.47916932 37.978
  80 299.468050 -33.095591     5.825     5.759 16 55443.39481295 34.144
  81 299.464366 -33.093368     5.633     5.553 13 55453.31045511 39.176
  82 299.463799 -33.092466     5.561     5.463 13 55463.22609685 33.006
  83 299.469082 -33.096093     5.024     5.040 17 55473.14173782 51.560
  84 299.473936 -33.097463     9.502     5.271 20 55483.05737550 31.797
  85 299.475793 -33.095887     6.287     5.336 20 55492.97301028 30.289
  86 299.476359 -33.095070     5.381     5.245 20 55502.88864391 30.548
  87 299.474245 -33.097539     6.118     5.386 19 55512.80429104 33.185
  88 299.470423 -33.096677     5.145     5.132 18 55522.71994064 37.426
  89 299.467444 -33.094854     6.162     4.974 15 55532.63558875 34.563
  90 299.466173 -33.094349     6.385     5.092 15 55542.55123565 33.649
  91 299.464329 -33.092987     5.837     5.774 13 55552.46688026 41.207
  92 299.461744 -33.091320    11.230     6.505 11 55562.38252326 31.570
  93 299.461354 -33.090756     5.927     5.890 11 55572.29816576 42.228
  94 299.464949 -33.093961     8.423     5.698 13 55582.21380791 33.588
  95 299.469917 -33.096537     6.734     5.776 17 55592.12944672 35.482
  96 299.474697 -33.097514     9.484     6.225 19 55602.04508179 31.203
  97 299.476266 -33.094992     6.321     5.984 20 55611.96071390 28.906
  98 299.477035 -33.094440     6.257     6.271 20 55621.87634782 27.976
  99 299.473407 -33.097086     6.594     6.567 20 55631.79200124 39.642
 100 299.471135 -33.097252     6.774     6.784 19 55641.70765224 40.201
 101 299.470509 -33.096266     6.977     6.954 18 55651.62330039 38.888
 102 299.471799 -33.097417     7.007     6.943 19 55661.53894522 35.598
 103 299.471264 -33.097466    21.809    24.385 18 55671.45458627 35.235
 104 299.470086 -33.096883     7.319     7.323 17 55681.37022526 45.929
 105 299.471122 -33.097521     7.360     7.356 18 55691.28586266 39.929
 106 299.473657 -33.098068     7.100     7.127 20 55701.20149835 40.628
 107 299.474878 -33.098106     7.036     6.679 20 55711.11713882 33.032
 108 299.472477 -33.098214     6.362     6.328 19 55721.03278780 40.396
 109 299.468835 -33.096366     6.139     6.076 16 55730.94843425 36.577
 110 299.466551 -33.094820     5.927     5.801 14 55740.86407979 35.870
 111 299.465869 -33.094117     5.901     5.780 14 55750.77972463 37.350
 112 299.468236 -33.095601     6.044     6.046 15 55760.69536798 33.896
 113 299.471760 -33.097926     8.895     5.924 18 55770.61100879 33.427
 114 299.474281 -33.098399     8.052     6.331 20 55780.52664584 34.711
 115 299.475240 -33.096271     6.408     6.356 20 55790.44227948 36.685
 116 299.476872 -33.094908     6.344     6.378 20 55800.35791200 32.001
 117 299.475576 -33.096855     6.606     6.606 20 55810.27356024 39.424
 118 299.474608 -33.097233     6.703     6.623 20 55820.18920862 35.934
 119 299.475956 -33.097651     6.734     6.728 20 55830.10485260 46.943
 120 299.476899 -33.096252     6.294     6.325 20 55840.02049166 34.591
 121 299.476940 -33.095189     6.044     6.039 20 55849.93612786 32.179
 122 299.477075 -33.095065     5.928     6.003 20 55859.85176255 29.092
 123 299.474146 -33.096894     6.494     6.491 20 55869.76741326 34.418
 133 299.469797 -33.096775     5.737     5.740 17 55968.92385770 42.555
 134 299.471291 -33.097859     8.910     5.212 18 55978.83949490 30.972
 135 299.474545 -33.098297     5.082     5.079 20 55988.75513159 34.979
 136 299.476005 -33.097310     9.560     5.422 20 55998.67077350 25.961
 137 299.474025 -33.096941    10.814     9.815 20 56008.58642482 28.900
 138 299.472249 -33.097716     5.282     5.059 19 56018.50207215 35.943
 139 299.467415 -33.094634     5.268     5.172 15 56028.41771522 43.025
 141 299.466449 -33.095017     5.449     5.446 14 56048.24899714 45.290
 142 299.470335 -33.096841     5.684     5.643 18 56058.16463481 46.423
 143 299.475465 -33.097180     7.704     5.644 19 56068.08026787 33.519
 144 299.473147 -33.098451     5.615     5.530 19 56077.99591795 39.470
 145 299.467701 -33.095323     5.666     5.506 16 56087.91156502 43.346
 146 299.465149 -33.093969     5.736     5.776 13 56097.82721037 44.923
 147 299.466251 -33.094045     6.149     6.001 14 56107.74285434 47.494
 148 299.471565 -33.097823     6.290     6.274 18 56117.65848510 40.928
 149 299.475044 -33.097401     6.360     6.295 19 56127.57412282 36.114
 150 299.476423 -33.095630     6.077     6.152 19 56137.48975640 31.317
 151 299.473941 -33.096684     6.016     6.001 20 56147.40540190 36.187
 152 299.471201 -33.097381     9.452     6.088 19 56157.32105068 39.964
 153 299.470428 -33.097416     6.888     5.815 17 56167.23669843 40.084
 154 299.472387 -33.098542    12.253     6.211 19 56177.15234401 37.316
 155 299.473990 -33.097636     8.163     5.385 20 56187.06798439 30.973
 156 299.474640 -33.096810     6.414     5.190 20 56196.98362109 32.328
 157 299.475417 -33.097908     5.552     4.988 20 56206.89925549 39.534
 158 299.475322 -33.096521    10.752     5.983 19 56216.81488809 33.087
 159 299.474912 -33.095998     6.913     6.007 20 56226.73053007 31.998
 160 299.474222 -33.098298     6.680     5.676 20 56236.64618585 36.529
 161 299.472159 -33.097353     7.230     5.811 19 56246.56183708 36.785
 162 299.470033 -33.096437     5.935     5.253 17 56256.47748327 32.126
 163 299.467327 -33.094690     4.854     4.824 15 56266.39312539 51.412
 164 299.466241 -33.093960     6.763     5.171 14 56276.30876602 32.054
 165 299.466288 -33.094186     6.096     6.075 15 56286.22441289 39.116
 166 299.467562 -33.094693     5.828     5.760 16 56296.14006313 43.126
 167 299.468966 -33.095472     7.265     5.517 17 56306.05570930 35.539
 168 299.468924 -33.096505     5.891     5.846 16 56315.97135224 46.332
 169 299.465381 -33.093488     5.376     5.362 14 56325.88699255 31.776
 170 299.465844 -33.094491     4.798     4.767 14 56335.80263326 40.228
 171 299.469311 -33.095895     6.138     5.027 17 56345.71827323 38.436
 172 299.474681 -33.097774     7.463     5.507 20 56355.63391110 36.131
 173 299.473787 -33.097138     8.397     5.826 20 56365.54955774 34.634
 174 299.469676 -33.096175     6.164     6.156 17 56375.46520642 40.091
 176 299.456736 -33.084578     6.174     6.122  5 56395.29649247 36.221
 177 299.462110 -33.092362     6.398     6.354 11 56405.21213575 39.714
 178 299.466682 -33.094523     6.589     6.454 15 56415.12777454 39.827
 179 299.473649 -33.097312     6.428     6.336 20 56425.04340879 37.169
 180 299.473174 -33.098695     7.707     6.205 19 56434.95905595 37.293
 181 299.466509 -33.095087     6.341     6.217 14 56444.87470628 44.262
 182 299.460735 -33.090521     6.188     6.127 10 56454.79035419 40.973
 183 299.460779 -33.091046     6.324     6.274 11 56464.70600092 40.297
 184 299.463925 -33.092211     6.454     6.386 13 56474.62164447 45.051
 185 299.469540 -33.095785     6.698     6.689 17 56484.53728535 44.756
 187 299.473801 -33.097370     7.397     7.340 20 56504.36855663 52.503
 188 299.476275 -33.096819     7.193     7.166 20 56514.28418917 40.770
 189 299.475118 -33.097498     6.922     6.904 20 56524.19984004 49.413
 190 299.473884 -33.096763     6.567     6.428 20 56534.11549066 37.619
 192 299.471341 -33.097325     5.785     5.747 18 56553.94678179 45.194
 193 299.467928 -33.095323     5.588     5.523 15 56563.86242370 36.459
 194 299.465896 -33.093638     5.458     5.435 14 56573.77806478 36.803
 195 299.469088 -33.096368     5.567     5.568 16 56583.69370500 46.696
 196 299.474214 -33.096593     6.175     5.594 20 56593.60934041 33.804
 197 299.472876 -33.098220     9.585     5.940 20 56603.52499410 34.325
 198 299.469723 -33.096781     6.733     6.024 17 56613.44064286 44.197
 199 299.466501 -33.093792    11.095     6.272 15 56623.35628703 35.007
 200 299.466703 -33.094595     6.025     6.006 15 56633.27192923 43.138
 201 299.470937 -33.096817     7.380     5.677 18 56643.18756724 36.305
 202 299.470872 -33.097395     7.221     5.427 18 56653.10321845 30.521
 203 299.469241 -33.095467     5.376     5.337 17 56663.01886714 49.043
 204 299.468068 -33.095405     5.407     5.323 15 56672.93451367 43.360
 205 299.465007 -33.093438     5.627     5.624 14 56682.85015842 37.662
 206 299.465142 -33.094122     6.257     6.264 13 56692.76580205 45.272
 207 299.467998 -33.094762     6.255     6.249 16 56702.68144189 37.306
 208 299.474060 -33.097851     8.221     5.891 20 56712.59707738 31.988
 209 299.471826 -33.097636     8.684     5.494 19 56722.51272476 32.137
 210 299.464967 -33.093762     5.462     5.403 13 56732.42837495 41.207
 211 299.456218 -33.084575    13.411    14.845  5 56742.34402003 30.710
 212 299.455638 -33.084319     6.244     6.272  4 56752.25966300 35.646
 213 299.463520 -33.092382     6.645     6.511 13 56762.17530289 44.249
 214 299.472638 -33.098163     9.016     6.562 20 56772.09093552 38.851
 215 299.466768 -33.094793     6.529     6.409 14 56782.00659089 39.988
 216 299.460226 -33.090118     6.657     6.693 10 56791.92224333 44.553
 217 299.453453 -33.084226     7.021     7.044  3 56801.83789276 38.360
 218 299.453866 -33.084564     6.841     6.815  3 56811.75353684 35.136
 219 299.457026 -33.085896     6.735     6.617  5 56821.66917734 34.531
 220 299.465870 -33.094007     7.002     6.931 15 56831.58481547 46.678
 221 299.472939 -33.097724     9.292     7.048 20 56841.50044925 37.487
 222 299.474808 -33.097521     7.299     7.276 20 56851.41608670 40.256
 223 299.470152 -33.096688     8.473     7.537 17 56861.33174007 39.462
 224 299.465869 -33.094362     7.652     7.611 14 56871.24739238 52.914
 225 299.463799 -33.092715     7.707     7.602 13 56881.16304204 47.283
 226 299.463783 -33.093365     7.538     7.520 12 56891.07868867 48.054
 227 299.461522 -33.091175     7.225     7.229 11 56900.99433160 45.449
 228 299.456045 -33.085212     6.874     6.873  5 56910.90997169 36.540
 229 299.456038 -33.085501     6.656     6.609  4 56920.82561223 30.332
 230 299.461601 -33.090950     8.187     6.588 11 56930.74125239 34.812
 231 299.469679 -33.096309     8.591     6.545 17 56940.65688802 32.858
 232 299.473772 -33.098371    10.380     6.895 20 56950.57252848 34.451
 233 299.469283 -33.096037     8.924     6.977 16 56960.48817992 34.336
 234 299.465457 -33.093956     6.793     6.605 14 56970.40382628 38.741
 235 299.465129 -33.093443     6.340     6.368 13 56980.31946917 42.459
 236 299.469156 -33.095648     6.851     6.227 17 56990.23510835 36.685
 237 299.476094 -33.097547     6.173     6.126 20 57000.15074132 47.260
 238 299.474433 -33.098987     6.902     6.037 20 57010.06639598 36.297
 239 299.470550 -33.096801     6.971     6.353 17 57019.98204738 39.247
 240 299.467029 -33.095105     6.679     6.719 15 57029.89769618 39.277
 241 299.463787 -33.092172     7.195     7.069 13 57039.81334327 43.231
 242 299.463898 -33.092391     7.250     7.177 13 57049.72898920 45.063
 243 299.467766 -33.095409     7.036     7.022 15 57059.64463206 42.670
 244 299.471806 -33.097693     9.253     6.834 19 57069.56026908 36.596
 245 299.473869 -33.097875     8.139     6.465 19 57079.47590117 34.025
 246 299.473695 -33.098693     6.844     6.804 20 57089.39153933 49.206
 247 299.464981 -33.093925     6.888     6.788 13 57099.30719573 44.931
 248 299.460798 -33.091117     6.734     6.644 10 57109.22284966 40.259
 249 299.462253 -33.091673     6.451     6.444 12 57119.13849926 35.990
 250 299.465121 -33.094093     5.947     5.933 13 57129.05414331 45.922
