# NaN NaN NaN ;Mean Elev.(m), Avg Gradient(m/km), RMS Gradient(m/km) - SRTM1     
# NaN NaN NaN ;Mean Elev.(m), Avg Gradient(m/km), RMS Gradient(m/km) - ASTER GDEM
#   49.076  -0.103   2.790 ;Mean Elev.(m), Avg Gradient(m/km), RMS Gradient(m/km) - GMTED2010 
  17 301.707825 -27.277940    47.972    47.838  4 54822.09119154 31.296
  18 301.711580 -27.265151    47.294    47.123 15 54832.00683499 36.409
  19 301.705269 -27.271694    49.437    47.942  8 54841.92248362 28.419
  28 301.705519 -27.265053    48.306    48.367 14 54931.16327755 30.393
  29 301.709234 -27.266006    48.002    47.998 14 54941.07891301 27.686
  30 301.713127 -27.265091    47.695    47.620 14 54950.99454727 32.734
  31 301.712703 -27.265834    47.438    47.411 15 54960.91018739 47.476
  32 301.710808 -27.265338    47.057    47.095 15 54970.82583587 43.233
  33 301.710331 -27.265267    47.807    47.756 14 54980.74148340 32.111
  34 301.710498 -27.265238    48.244    48.141 15 54990.65713066 54.253
  35 301.709704 -27.265213    48.057    48.087 14 55000.57277759 28.304
  36 301.708447 -27.265590    48.188    48.137 14 55010.48842242 34.279
  37 301.708527 -27.264381    48.696    48.654 14 55020.40406596 45.868
  38 301.708448 -27.265464    49.366    49.321 14 55030.31970767 32.009
  39 301.709804 -27.265249    48.522    48.500 14 55040.23534903 52.857
  40 301.712447 -27.265865    49.215    49.159 15 55050.15098897 33.223
  41 301.714938 -27.265632    48.695    48.675 15 55060.06662702 29.216
  42 301.715231 -27.263857    48.637    48.586 15 55069.98226788 48.658
  43 301.710238 -27.265160    48.516    48.484 14 55079.89791651 32.374
  44 301.706733 -27.264663    50.154    50.127 13 55089.81356406 36.027
  45 301.705650 -27.263430    49.921    49.911 13 55099.72921109 39.198
  46 301.705841 -27.263866    50.172    50.088 13 55109.64485741 33.756
  47 301.706011 -27.265530    49.755    49.771 14 55119.56050201 31.501
  48 301.706018 -27.265421    51.901    51.819 13 55129.47614432 29.071
  49 301.705543 -27.264462    51.398    51.315 13 55139.39178457 49.631
  50 301.705713 -27.265005    49.864    49.841 13 55149.30742315 32.897
  51 301.708552 -27.265699    51.148    50.460 14 55159.22306146 31.458
  52 301.713037 -27.264744    51.928    50.642 14 55169.13869996 31.817
  53 301.716095 -27.264674    50.869    50.853 15 55179.05433715 34.763
  54 301.713812 -27.265196    51.572    51.574 14 55188.96998311 39.389
  55 301.709892 -27.264396    51.452    51.467 14 55198.88563387 32.923
  56 301.706554 -27.265636    52.699    51.386 14 55208.80128364 28.922
  57 301.706161 -27.265500    52.589    52.096 14 55218.71693350 31.756
  58 301.705884 -27.265012    51.932    51.948 14 55228.63258260 31.301
  59 301.704772 -27.265484    52.395    52.374 13 55238.54822823 49.474
  60 301.703459 -27.264677    51.442    51.424 12 55248.46387028 39.974
  61 301.702189 -27.263464    50.627    50.522 12 55258.37950977 34.709
  62 301.701809 -27.264617    50.082    50.125 12 55268.29514773 34.388
  63 301.704313 -27.264514    49.994    49.984 13 55278.21078573 33.555
  64 301.708328 -27.264593    50.752    50.763 14 55288.12642259 53.701
  65 301.712236 -27.265611    51.080    50.998 15 55298.04205691 51.432
  66 301.711641 -27.265938    49.880    49.799 14 55307.95769889 31.962
  67 301.708810 -27.265073    51.669    51.657 14 55317.87334491 44.900
  68 301.707061 -27.264617    50.005    50.049 13 55327.78899008 32.062
  69 301.707686 -27.264772    49.670    49.654 14 55337.70463470 37.258
  70 301.709146 -27.266068    49.382    49.425 14 55347.62027862 34.520
  71 301.710654 -27.265730    49.197    49.122 14 55357.53592117 31.435
  72 301.711074 -27.264594    48.889    48.764 14 55367.45156148 32.279
  73 301.710649 -27.265404    48.650    48.633 14 55377.36719971 30.479
  74 301.712231 -27.265491    48.452    48.425 14 55387.28283724 54.777
  75 301.716130 -27.263924    53.041    54.112 15 55397.19847440 35.046
  76 301.719007 -27.262452    49.021    49.044 15 55407.11411741 39.777
  77 301.715490 -27.264144    48.480    48.236 15 55417.02976740 37.694
  78 301.711077 -27.264628    48.291    48.256 14 55426.94541434 54.507
  79 301.707059 -27.265474    48.266    48.203 13 55436.86105884 46.144
  80 301.705657 -27.264859    48.219    48.196 14 55446.77670289 46.426
  81 301.705872 -27.265504    49.324    48.387 13 55456.69234649 28.851
  82 301.708100 -27.264920    48.472    48.482 14 55466.60798982 28.585
  83 301.710532 -27.264522    56.418    57.516 14 55476.52362993 29.624
  84 301.711407 -27.265502    49.129    48.222 14 55486.43926633 31.214
  85 301.711825 -27.265673    48.619    48.616 14 55496.35490049 36.377
  86 301.713334 -27.264822    48.647    48.651 14 55506.27053619 40.947
  87 301.711609 -27.265365    48.279    48.114 15 55516.18618633 30.097
  88 301.712259 -27.264818    48.137    48.100 14 55526.10183605 47.228
  89 301.711467 -27.265578    48.642    48.610 14 55536.01748344 43.883
  90 301.709344 -27.266253    50.499    50.472 14 55545.93312885 33.966
  91 301.707553 -27.265236    49.372    49.382 13 55555.84877299 30.062
  92 301.706881 -27.264775    48.728    48.707 13 55565.76441643 52.628
  93 301.708119 -27.265255    48.680    48.756 14 55575.68005921 30.877
  94 301.709783 -27.265584    49.691    49.705 14 55585.59570029 45.109
  95 301.711611 -27.264986    49.598    49.651 14 55595.51133815 34.628
  96 301.712029 -27.265496    49.885    49.839 15 55605.42697220 43.353
  97 301.713506 -27.264902    54.638    55.075 14 55615.34260416 30.907
  98 301.714150 -27.264214    50.254    50.210 15 55625.25824457 43.841
  99 301.711551 -27.265797    50.427    50.449 14 55635.17389584 31.716
 100 301.710759 -27.265833    51.414    51.318 14 55645.08954544 32.187
 101 301.710386 -27.264907    51.673    51.602 14 55655.00519254 49.213
 102 301.708977 -27.265848    50.432    50.454 14 55664.92083480 37.392
 103 301.708403 -27.265186    54.431    54.226 13 55674.83647468 32.255
 104 301.708740 -27.265543    49.486    49.450 14 55684.75211299 31.923
 105 301.711953 -27.264871    49.028    49.040 14 55694.66775051 40.190
 106 301.717311 -27.263078    48.717    48.714 15 55704.58338704 40.636
 107 301.716971 -27.264128    48.793    48.893 15 55714.49903351 29.262
 108 301.713566 -27.265351    50.367    48.437 15 55724.41468165 32.160
 109 301.711223 -27.264632    49.291    48.730 14 55734.33032815 28.968
 110 301.709663 -27.265222    48.290    48.241 14 55744.24597305 32.709
 111 301.709807 -27.265227    49.177    49.095 14 55754.16161676 49.416
 112 301.711050 -27.265638    49.050    49.032 14 55764.07725821 44.016
 113 301.712193 -27.265450    49.222    49.113 15 55773.99289712 29.308
 114 301.712194 -27.265791    51.138    51.084 15 55783.90853274 49.164
 115 301.713361 -27.266136    49.463    49.455 15 55793.82416636 31.138
 116 301.716933 -27.263188    50.291    50.431 15 55803.73980401 31.911
 117 301.715385 -27.264235    49.831    49.801 15 55813.65545375 48.210
 118 301.714945 -27.263821    49.294    49.231 15 55823.57110190 33.588
 119 301.714020 -27.264965    49.029    49.028 15 55833.48674490 26.820
 120 301.714318 -27.264425    50.134    48.587 15 55843.40238403 36.865
 121 301.715407 -27.264413    49.649    49.587 15 55853.31801990 36.915
 122 301.717526 -27.263923    49.109    49.150 15 55863.23365633 29.087
 123 301.713759 -27.265807    49.489    49.483 15 55873.14930950 54.713
 133 301.707537 -27.264563    48.545    48.515 14 55972.30574972 45.173
 134 301.710273 -27.266037    48.140    48.046 14 55982.22138539 38.013
 135 301.716041 -27.264148    48.619    48.567 15 55992.13702040 53.368
 136 301.714564 -27.265657    48.212    48.021 15 56002.05266712 33.631
 137 301.711591 -27.264495    48.303    48.257 14 56011.96831667 41.340
 139 301.707143 -27.265359    50.766    50.911 14 56031.79960578 28.043
 141 301.710829 -27.266198    48.909    48.909 14 56051.63088650 34.538
 142 301.715402 -27.263594    48.310    48.269 15 56061.54652360 31.088
 143 301.717027 -27.263819    50.382    50.471 15 56071.46216223 27.892
 144 301.713119 -27.264777    50.506    50.373 15 56081.37781180 27.298
 145 301.710797 -27.265156    49.412    49.423 14 56091.29345882 37.570
 146 301.710608 -27.265385    50.518    50.478 15 56101.20910362 42.228
 147 301.711376 -27.264917    50.329    50.369 14 56111.12473446 31.064
 148 301.711774 -27.266215    50.425    49.482 14 56121.04037319 54.802
 149 301.713389 -27.265818    49.074    48.893 15 56130.95600886 32.263
 150 301.715660 -27.263681    49.094    49.063 15 56140.87164378 38.496
 151 301.711381 -27.266031    48.713    48.716 14 56150.78729403 26.472
 152 301.710715 -27.266058    56.428    55.903 14 56160.70294338 28.329
 153 301.711498 -27.265356    48.014    47.988 14 56170.61859139 40.488
 154 301.711447 -27.265657    48.487    48.574 14 56180.53423508 26.089
 155 301.711203 -27.264848    48.796    48.211 14 56190.44987485 32.660
 156 301.711007 -27.265037    48.123    47.917 14 56200.36551136 36.268
 157 301.713848 -27.265157    48.147    48.193 15 56210.28114559 26.515
 158 301.720057 -27.262884    48.398    48.436 15 56220.19677868 29.572
 159 301.719767 -27.263019    49.107    49.012 15 56230.11242835 50.852
 160 301.716579 -27.264224    48.590    48.582 15 56240.02808100 26.727
 161 301.712927 -27.265214    47.797    47.760 14 56249.94372998 37.405
 162 301.711011 -27.265427    48.214    48.208 15 56259.85937469 45.187
 163 301.711074 -27.265306    48.701    48.352 14 56269.77501726 29.168
 164 301.711801 -27.265904    49.938    48.099 14 56279.69065809 25.701
 165 301.710057 -27.265249    52.256    52.656 15 56289.60630979 29.444
 166 301.707846 -27.264770    55.168    55.513 14 56299.52195860 29.933
 167 301.705612 -27.264694    48.905    48.964 13 56309.43760311 39.879
 168 301.705028 -27.263632    48.640    48.669 13 56319.35324529 36.318
 169 301.705220 -27.265309    48.648    48.181 13 56329.26888578 29.087
 170 301.708573 -27.265183    48.248    48.223 13 56339.18452595 54.159
 171 301.713080 -27.264800    49.108    49.056 15 56349.10016420 33.480
 172 301.716187 -27.264194    48.685    48.680 16 56359.01579999 30.803
 173 301.710293 -27.265963    50.495    50.043 14 56368.93144959 31.040
 175 301.705635 -27.264581    49.295    49.316 13 56388.76274291 50.267
 176 301.708235 -27.264404    50.056    49.965 14 56398.67838682 48.660
 177 301.710599 -27.266333    49.181    49.186 14 56408.59402766 36.682
 178 301.713811 -27.265410    49.116    48.867 15 56418.50966472 37.213
 179 301.717129 -27.263564    52.727    53.317 15 56428.42529807 28.356
 180 301.710887 -27.265383    49.922    49.153 14 56438.34095048 29.974
 181 301.707868 -27.265379    48.827    48.859 13 56448.25660076 55.644
 182 301.707681 -27.265194    51.839    50.326 13 56458.17224914 31.603
 183 301.707754 -27.265208    50.295    50.258 13 56468.08789428 35.086
 184 301.708082 -27.264968    53.548    53.011 14 56478.00353553 37.038
 185 301.708288 -27.265529    51.626    50.603 14 56487.91917301 33.859
 187 301.713196 -27.266113    49.224    49.228 15 56507.75044293 35.265
 188 301.718858 -27.262868    49.525    49.183 15 56517.66608195 28.799
 189 301.716000 -27.265029    48.706    48.742 15 56527.58173578 28.278
 190 301.714428 -27.264093    49.705    49.003 15 56537.49738603 27.083
 192 301.708153 -27.264870    48.590    48.614 14 56557.32867467 28.102
 193 301.708522 -27.264725    48.616    48.580 14 56567.24431693 34.152
 194 301.711241 -27.265660    48.627    48.629 14 56577.15995792 54.621
 195 301.716810 -27.264153    49.072    49.045 15 56587.07559630 40.010
 196 301.719277 -27.263390    48.862    48.775 15 56596.99123702 30.500
 197 301.713664 -27.265082    48.853    48.832 14 56606.90688830 48.272
 198 301.710505 -27.264151    48.616    48.559 14 56616.82253564 55.145
 199 301.709162 -27.265230    48.656    48.657 13 56626.73817952 50.453
 200 301.710136 -27.266154    50.938    49.240 14 56636.65382088 29.447
 201 301.712570 -27.265350    48.758    48.746 15 56646.56946277 49.711
 202 301.708828 -27.265983    49.888    48.512 14 56656.48511510 32.049
 203 301.705903 -27.265603    49.718    48.972 13 56666.40076312 43.539
 205 301.705541 -27.264885    50.643    49.172 14 56686.23205246 37.002
 206 301.707731 -27.265825    49.591    48.944 14 56696.14769438 31.077
 207 301.712373 -27.264579    48.284    48.271 14 56706.06333244 27.542
 208 301.715585 -27.265086    48.279    48.240 15 56715.97896546 34.101
 209 301.709350 -27.266233    47.973    47.987 14 56725.89461822 35.971
 211 301.704808 -27.265188    49.289    48.844 13 56745.72591416 36.596
 212 301.707791 -27.265451    51.693    53.609 13 56755.64155640 27.563
 213 301.712994 -27.265308    54.249    53.979 14 56765.55719314 27.478
 214 301.715187 -27.264295    48.941    48.952 15 56775.47283274 50.835
 215 301.709384 -27.264300    50.446    50.427 14 56785.38848854 54.364
 216 301.704533 -27.264035    50.687    49.010 13 56795.30414062 30.784
 217 301.702074 -27.264487    49.242    49.146 12 56805.21978860 47.149
 219 301.706234 -27.265350    52.757    52.760 13 56825.05106839 50.657
 220 301.709320 -27.265140    51.944    50.604 13 56834.96670312 32.180
 221 301.712651 -27.265617    53.196    53.583 15 56844.88233465 33.975
 222 301.712473 -27.264612    49.647    49.684 14 56854.79798029 38.744
 223 301.710123 -27.264473    49.890    49.931 14 56864.71363391 30.420
 224 301.707991 -27.265350    49.792    49.763 14 56874.62928660 30.704
 225 301.706978 -27.264842    49.237    49.280 13 56884.54493649 29.623
 226 301.705682 -27.265266    48.854    48.717 13 56894.46058295 28.251
 227 301.704802 -27.264531    48.642    48.464 12 56904.37622623 27.105
 228 301.703974 -27.265172    49.171    48.662 13 56914.29186705 29.317
 229 301.706173 -27.264971    48.606    48.524 13 56924.20750649 31.004
 230 301.710251 -27.265813    50.659    50.708 14 56934.12314336 31.110
 231 301.717226 -27.263718    50.040    50.002 16 56944.03877588 41.810
 232 301.716299 -27.263712    48.967    48.954 15 56953.95442368 37.063
 233 301.711505 -27.265258    52.699    52.409 14 56963.87007338 28.511
 234 301.708839 -27.265357    54.305    55.201 14 56973.78571906 29.976
 235 301.708949 -27.265893    48.798    48.870 14 56983.70136068 27.561
 236 301.712412 -27.265371    53.023    53.541 15 56993.61699792 26.669
 237 301.715520 -27.264599    48.687    48.595 15 57003.53263640 37.235
 238 301.709818 -27.266193    53.870    55.101 14 57013.44829249 27.443
 239 301.707256 -27.264501    52.171    53.019 14 57023.36394395 34.550
 240 301.705984 -27.265265    51.616    49.475 14 57033.27959221 29.699
 241 301.707066 -27.265199    50.456    49.135 13 57043.19523840 29.369
 242 301.708848 -27.264724    48.824    48.655 14 57053.11088237 31.720
 243 301.710468 -27.264798    48.770    48.633 14 57063.02652177 33.256
 244 301.712053 -27.265586    50.433    48.611 15 57072.94215602 27.236
 245 301.716257 -27.263614    49.240    48.961 15 57082.85778750 25.504
 246 301.714050 -27.265459    48.820    48.757 15 57092.77343510 32.559
 247 301.710816 -27.265124    48.970    48.902 14 57102.68909234 26.517
 248 301.709062 -27.265568    50.689    48.948 14 57112.60474572 28.209
 249 301.709188 -27.264646    49.072    48.415 14 57122.52039346 27.232
 250 301.708537 -27.265044    50.920    49.856 13 57132.43603508 32.273
