# NaN NaN NaN ;Mean Elev.(m), Avg Gradient(m/km), RMS Gradient(m/km) - SRTM1     
# NaN NaN NaN ;Mean Elev.(m), Avg Gradient(m/km), RMS Gradient(m/km) - ASTER GDEM
#   28.186   0.098   0.700 ;Mean Elev.(m), Avg Gradient(m/km), RMS Gradient(m/km) - GMTED2010 
   1 300.388750 -29.903195    25.804    25.826  7 54663.44025231 36.153
   2 300.387565 -29.902917    25.793    25.744  7 54673.35589676 34.508
   3 300.387630 -29.902661    25.819    25.845  7 54683.27153972 32.128
   4 300.389367 -29.903484    26.099    26.104  7 54693.18718137 41.673
   5 300.390635 -29.907297    26.445    26.388  7 54703.10281994 34.553
   6 300.390072 -29.905511    25.776    25.822  7 54713.01846931 31.164
   7 300.387935 -29.902459    25.588    25.588  6 54722.93412048 51.162
   8 300.385903 -29.896919    25.746    25.686  7 54732.84977005 28.018
   9 300.384274 -29.893833    25.581    25.602  7 54742.76541793 36.980
  10 300.383729 -29.893412    26.224    26.122  7 54752.68106519 33.608
  11 300.383602 -29.894484    26.023    26.028  8 54762.59671186 36.101
  12 300.383946 -29.894483    26.535    26.635  7 54772.51235622 38.273
  13 300.384154 -29.894592    26.839    26.736  7 54782.42799751 34.359
  14 300.384554 -29.895983    26.643    26.723  7 54792.34363591 38.065
  17 300.388224 -29.903707    25.824    25.751  7 54822.09055129 27.522
  18 300.386891 -29.901437    24.819    24.777  7 54832.00619220 39.207
  19 300.385715 -29.897672    24.789    24.825  7 54841.92184337 34.538
  20 300.384691 -29.894522    25.515    25.515  7 54851.83749334 51.588
  21 300.383628 -29.894158    25.528    25.568  8 54861.75314254 36.714
  22 300.383629 -29.893151    25.664    25.707  8 54871.66879193 48.307
  23 300.383498 -29.892782    26.077    26.033  7 54881.58443939 52.816
  24 300.382862 -29.892754    25.961    25.962  7 54891.50008322 44.209
  25 300.381723 -29.891771    26.228    26.068  8 54901.41572404 52.049
  26 300.381192 -29.891498    25.783    25.736  8 54911.33136273 39.690
  27 300.382362 -29.891811    25.603    25.530  7 54921.24700011 53.669
  28 300.384267 -29.894781    25.623    25.612  8 54931.16263642 29.094
  29 300.386000 -29.899370    25.450    25.550  7 54941.07827099 29.075
  30 300.387270 -29.903276    25.486    25.396  7 54950.99390407 48.912
  31 300.387686 -29.902143    24.944    24.914  7 54960.90954464 48.029
  32 300.386767 -29.899899    25.097    25.105  7 54970.82519355 23.099
  33 300.386427 -29.899841    24.959    24.938  6 54980.74084108 23.094
  34 300.386731 -29.899793    25.482    25.452  7 54990.65648835 26.457
  35 300.386619 -29.898491    25.377    25.359  7 55000.57213557 31.029
  36 300.385383 -29.898775    25.320    25.294  7 55010.48778039 29.230
  37 300.385528 -29.897488    25.373    25.459  7 55020.40342393 29.828
  38 300.385222 -29.899087    26.075    26.087  7 55030.31906552 45.701
  39 300.386346 -29.899537    26.421    26.365  6 55040.23470671 54.112
  40 300.387761 -29.902583    26.100    26.084  7 55050.15034607 30.340
  41 300.388922 -29.904743    26.259    26.256  7 55060.06598352 32.761
  42 300.389095 -29.902931    26.141    26.153  7 55069.98162438 42.109
  43 300.386759 -29.898708    26.226    26.305  7 55079.89727436 45.761
  44 300.384171 -29.896460    26.279    26.285  7 55089.81292233 48.610
  45 300.383864 -29.894059    26.885    26.845  8 55099.72856965 45.159
  46 300.384170 -29.894501    26.927    26.939  8 55109.64421598 39.095
  47 300.384301 -29.896100    26.608    26.611  7 55119.55986058 40.056
  48 300.384835 -29.894684    27.008    27.046  7 55129.47550318 36.061
  49 300.383943 -29.894314    27.461    27.459  7 55139.39114327 25.114
  50 300.384462 -29.894201    27.243    27.248  7 55149.30678202 19.362
  51 300.385514 -29.898618    27.452    27.430  7 55159.22241943 37.563
  52 300.387608 -29.902627    27.386    27.495  7 55169.13805676 37.855
  53 300.390027 -29.903863    27.573    27.587  7 55179.05369365 36.852
  54 300.388250 -29.903236    27.621    27.719  7 55188.96933991 39.885
  55 300.385537 -29.900098    27.829    27.853  7 55198.88499126 40.751
  56 300.384684 -29.896580    27.826    27.814  7 55208.80064221 35.702
  57 300.384362 -29.896507    28.170    28.168  7 55218.71629207 54.215
  58 300.384111 -29.896021    28.049    28.082  7 55228.63194117 44.654
  59 300.384164 -29.894026    28.070    28.060  8 55238.54758738 43.220
  60 300.383371 -29.891922    27.934    27.974  8 55248.46322973 40.829
  61 300.382041 -29.890660    27.803    27.799  8 55258.37886922 36.769
  62 300.381632 -29.891815    27.409    27.381  8 55268.29450718 42.389
  63 300.383589 -29.892998    27.342    27.385  8 55278.21014489 39.077
  64 300.385136 -29.897982    27.314    27.303  7 55288.12578057 36.913
  65 300.387089 -29.902656    27.533    27.538  7 55298.04141400 50.466
  66 300.386979 -29.901768    27.324    27.376  7 55307.95705628 36.667
  67 300.385327 -29.898485    27.344    27.342  7 55317.87270289 48.388
  68 300.384246 -29.896823    27.518    27.510  7 55327.78834836 41.280
  69 300.385014 -29.896979    27.220    27.220  8 55337.70399297 46.910
  70 300.385969 -29.899454    27.079    27.085  7 55347.61963659 37.835
  71 300.386325 -29.901474    26.691    26.658  7 55357.53527856 36.122
  72 300.386812 -29.900255    26.458    26.407  7 55367.45091887 33.884
  73 300.386382 -29.900975    26.302    26.297  7 55377.36655710 51.704
  74 300.388007 -29.901021    26.088    26.081  7 55387.28219462 32.896
  75 300.388867 -29.905492    25.751    25.800  7 55397.19783031 44.558
  76 300.390535 -29.906440    26.084    26.059  7 55407.11347273 32.728
  77 300.389395 -29.903272    26.066    26.094  7 55417.02912390 47.472
  78 300.386710 -29.900102    25.850    25.882  7 55426.94477173 46.275
  79 300.384468 -29.897291    25.607    25.583  7 55436.86041711 47.446
  80 300.384362 -29.894259    25.949    25.928  8 55446.77606175 35.606
  81 300.384655 -29.894889    25.849    25.825  7 55456.69170535 31.327
  82 300.385114 -29.897902    25.786    25.799  7 55466.60734779 34.527
  83 300.386318 -29.899852    25.682    25.593  7 55476.52298731 31.639
  84 300.387117 -29.900736    25.994    26.030  7 55486.43862372 32.300
  85 300.387481 -29.900846    25.699    25.600  7 55496.35425787 31.558
  86 300.387798 -29.902438    25.632    25.603  7 55506.26989298 30.962
  87 300.386754 -29.901867    25.561    25.468  7 55516.18554342 32.394
  88 300.386862 -29.902623    25.536    25.522  7 55526.10119285 50.296
  89 300.387292 -29.901059    25.557    25.556  7 55536.01684083 49.668
  90 300.386329 -29.899420    26.737    26.739  7 55545.93248683 54.354
  91 300.385152 -29.897271    26.964    26.963  7 55555.84813126 48.784
  92 300.384491 -29.896865    26.317    26.354  7 55565.76377470 44.489
  93 300.385085 -29.898559    26.253    26.282  7 55575.67941718 52.355
  94 300.386682 -29.898852    26.358    26.431  7 55585.59505827 44.918
  95 300.387186 -29.900612    26.431    26.335  7 55595.51069553 33.621
  96 300.386903 -29.902270    26.763    26.765  7 55605.42632929 48.962
  97 300.387754 -29.902888    27.213    27.220  7 55615.34196095 48.097
  98 300.387822 -29.903457    27.213    27.135  7 55625.25760107 35.833
  99 300.387059 -29.901478    27.236    27.196  7 55635.17325323 35.018
 100 300.386856 -29.900366    27.496    27.508  6 55645.08890312 33.466
 101 300.385810 -29.900697    28.003    28.013  7 55655.00454993 53.567
 102 300.385554 -29.899254    27.859    27.915  7 55664.92019277 43.215
 103 300.385615 -29.897408    27.612    27.595  7 55674.83583295 37.295
 104 300.385384 -29.898974    27.524    27.522  7 55684.75147097 46.306
 105 300.387472 -29.900703    26.593    26.577  7 55694.66710789 44.034
 106 300.389850 -29.904913    26.271    26.318  7 55704.58274295 31.046
 107 300.389543 -29.905882    26.150    26.190  7 55714.49838942 30.871
 108 300.388658 -29.902194    26.002    26.067  7 55724.41403874 33.719
 109 300.387016 -29.900227    26.035    25.959  7 55734.32968554 31.285
 110 300.386738 -29.898379    25.939    25.962  7 55744.24533103 29.831
 111 300.386866 -29.898372    26.497    26.492  7 55754.16097473 51.054
 112 300.386751 -29.901157    26.159    26.104  7 55764.07661559 39.778
 113 300.387151 -29.902141    26.293    26.354  7 55773.99225421 36.167
 114 300.387062 -29.902463    26.973    26.965  7 55783.90788983 56.049
 115 300.388266 -29.902812    26.868    26.864  7 55793.82352345 35.119
 116 300.389524 -29.904708    26.892    26.862  7 55803.73915992 36.048
 117 300.389269 -29.903301    27.013    27.026  7 55813.65481025 45.073
 118 300.388829 -29.902809    26.817    26.799  7 55823.57045840 38.931
 119 300.387830 -29.903847    26.490    26.486  7 55833.48610140 38.863
 120 300.388140 -29.903243    26.167    26.118  7 55843.40174053 39.988
 121 300.389291 -29.903238    26.125    26.183  7 55853.31737640 32.156
 122 300.390272 -29.905231    26.419    26.372  7 55863.23301224 34.005
 123 300.388998 -29.902368    26.745    26.703  7 55873.14866659 42.943
 133 300.384925 -29.896538    25.795    25.781  8 55972.30510800 43.067
 134 300.387082 -29.899312    25.389    25.441  7 55982.22074337 24.148
 135 300.389769 -29.903550    25.705    25.703  7 55992.13637690 52.850
 136 300.389396 -29.902668    25.441    25.431  7 56002.05202421 25.110
 137 300.386767 -29.900635    25.139    25.150  6 56011.96767398 30.135
 139 300.384982 -29.896441    25.518    25.484  7 56031.79896434 34.334
 141 300.387037 -29.900916    26.239    26.225  6 56051.63024418 37.022
 142 300.389220 -29.903087    26.320    26.367  7 56061.54588010 34.753
 143 300.389566 -29.905609    25.867    25.877  7 56071.46151814 25.684
 144 300.388150 -29.901653    25.653    25.651  7 56081.37716889 40.038
 145 300.386507 -29.900798    26.278    26.242  7 56091.29281621 47.601
 146 300.387016 -29.899825    26.486    26.534  7 56101.20846130 41.610
 147 300.387151 -29.900564    26.819    26.772  7 56111.12409184 35.457
 148 300.387392 -29.901804    27.120    27.119  7 56121.03973058 55.744
 149 300.388234 -29.902563    26.353    26.325  7 56130.95536595 35.353
 150 300.389219 -29.902891    26.318    26.318  7 56140.87100026 49.714
 151 300.386888 -29.901543    26.136    26.189  7 56150.78665142 34.106
 152 300.386385 -29.901579    26.139    26.157  7 56160.70230077 41.209
 153 300.387283 -29.900839    25.793    25.723  7 56170.61794878 52.925
 154 300.387191 -29.901034    26.057    26.020  7 56180.53359246 33.825
 155 300.386898 -29.900110    25.935    25.879  7 56190.44923224 33.485
 156 300.386686 -29.900226    25.461    25.576  7 56200.36486875 37.202
 157 300.387750 -29.903997    26.051    26.008  7 56210.28050209 35.412
 158 300.391659 -29.906656    25.648    25.584  7 56220.19613400 34.408
 159 300.391440 -29.906875    25.481    25.448  7 56230.11178367 39.601
 160 300.389407 -29.905715    26.022    25.988  7 56240.02743691 29.288
 161 300.387493 -29.903122    25.681    25.637  7 56249.94308678 49.385
 162 300.387355 -29.899752    25.531    25.540  7 56259.85873237 47.584
 163 300.386796 -29.900889    25.477    25.426  7 56269.77437465 51.751
 164 300.387533 -29.901517    25.691    25.628  7 56279.69001547 27.639
 165 300.386447 -29.899652    26.035    26.081  7 56289.60566747 27.572
 166 300.384782 -29.897918    25.782    25.744  7 56299.52131658 39.130
 167 300.384306 -29.894149    26.567    26.452  7 56309.43696197 47.977
 168 300.383681 -29.893078    25.684    25.707  7 56319.35260415 43.302
 169 300.383873 -29.894819    25.373    25.252  7 56329.26824464 26.496
 170 300.386061 -29.897225    25.440    25.431  7 56339.18388422 42.776
 171 300.388093 -29.901774    25.794    25.710  7 56349.09952129 24.408
 172 300.389235 -29.904832    25.933    25.909  7 56359.01515620 27.759
 173 300.386898 -29.899372    26.486    26.470  7 56368.93080757 30.997
 175 300.384201 -29.894456    26.483    26.552  7 56388.76210178 45.706
 176 300.385091 -29.897934    26.796    26.857  7 56398.67774479 51.247
 177 300.386893 -29.901035    26.875    26.865  6 56408.59338534 40.180
 178 300.388895 -29.902458    26.851    26.850  7 56418.50902181 50.368
 179 300.389726 -29.905339    26.401    26.446  7 56428.42465398 43.984
 180 300.386545 -29.901039    26.689    26.692  7 56438.34030786 46.105
 181 300.385430 -29.897387    26.678    26.674  7 56448.25595904 50.858
 182 300.385286 -29.897210    26.665    26.575  7 56458.17160741 37.234
 183 300.385327 -29.897224    26.801    26.770  7 56468.08725255 53.739
 184 300.384958 -29.898166    27.715    27.718  7 56478.00289351 53.272
 185 300.385046 -29.898690    28.053    28.123  7 56487.91853099 43.616
 187 300.388114 -29.902835    27.018    26.979  7 56507.74980002 35.422
 188 300.390247 -29.906813    26.499    26.549  7 56517.66543727 34.630
 189 300.389915 -29.904077    26.149    26.171  7 56527.58109228 31.617
 190 300.388388 -29.903065    25.947    25.995  7 56537.49674253 47.612
 192 300.385222 -29.897665    25.859    25.829  7 56557.32803265 32.170
 193 300.385667 -29.897551    25.702    25.656  7 56567.24367490 33.592
 194 300.387200 -29.900974    25.806    25.746  7 56577.15931531 30.499
 195 300.389710 -29.905596    25.680    25.717  7 56587.07495221 37.735
 196 300.390895 -29.907297    25.981    26.051  7 56596.99059234 32.142
 197 300.388255 -29.902988    26.147    26.075  7 56606.90624509 30.843
 198 300.386302 -29.899684    25.966    25.979  7 56616.82189303 33.300
 199 300.385528 -29.899575    25.988    26.005  7 56626.73753720 33.202
 200 300.387099 -29.899288    25.912    25.912  7 56636.65317885 28.712
 201 300.387653 -29.902081    25.790    25.753  7 56646.56881986 31.905
 202 300.385714 -29.899056    25.849    25.849  7 56656.48447307 46.916
 203 300.384617 -29.895030    25.883    25.905  7 56666.40012198 47.927
 205 300.384277 -29.894436    25.835    25.793  8 56686.23141132 37.083
 206 300.385822 -29.896680    26.135    26.146  7 56696.14705295 42.130
 207 300.387328 -29.901562    25.827    25.738  6 56706.06268953 28.010
 208 300.389195 -29.904536    25.570    25.599  7 56715.97832196 39.476
 209 300.385993 -29.899711    25.289    25.290  7 56725.89397619 45.113
 211 300.384099 -29.893944    26.612    26.575  8 56745.72527332 42.483
 212 300.385281 -29.897819    26.362    26.305  7 56755.64091468 37.048
 213 300.388017 -29.902451    26.301    26.303  6 56765.55655023 32.153
 214 300.388979 -29.903767    26.324    26.316  7 56775.47218924 32.170
 215 300.386315 -29.897666    27.027    26.979  7 56785.38784651 47.049
 216 300.383372 -29.893751    27.095    27.053  7 56795.30349949 37.573
 217 300.382165 -29.891774    27.162    27.161  8 56805.21914805 54.212
 219 300.384917 -29.895012    27.403    27.455  7 56825.05042725 38.930
 220 300.385428 -29.899611    27.692    27.644  7 56834.96606080 37.481
 221 300.387491 -29.902497    28.058    28.102  7 56844.88169174 48.311
 222 300.387415 -29.901485    28.156    28.157  6 56854.79733738 51.752
 223 300.385785 -29.900108    27.745    27.752  7 56864.71299129 53.618
 224 300.384933 -29.898498    27.622    27.614  7 56874.62864458 38.898
 225 300.384584 -29.896701    27.385    27.377  7 56884.54429476 39.738
 226 300.384550 -29.894619    26.873    26.863  7 56894.45994181 36.196
 227 300.383756 -29.893828    26.491    26.512  8 56904.37558510 34.847
 228 300.383634 -29.893263    26.470    26.471  8 56914.29122621 42.634
 229 300.384667 -29.895518    26.212    26.159  8 56924.20686506 33.175
 230 300.386231 -29.901230    26.522    26.418  7 56934.12250074 37.005
 231 300.389443 -29.906419    27.110    27.109  7 56944.03813150 37.014
 232 300.389039 -29.905223    26.858    26.822  7 56953.95377959 43.492
 233 300.387255 -29.900768    26.321    26.324  7 56963.86943077 31.468
 234 300.385847 -29.898495    26.245    26.260  7 56973.78507703 33.021
 235 300.385972 -29.899057    26.325    26.358  7 56983.70071865 33.520
 236 300.387550 -29.902131    26.280    26.312  7 56993.61635501 35.381
 237 300.389332 -29.903704    26.160    26.088  7 57003.53199290 33.793
 238 300.386625 -29.899197    26.367    26.449  7 57013.44765046 39.726
 239 300.384728 -29.896315    26.554    26.550  8 57023.36330222 37.451
 240 300.384140 -29.895960    27.274    27.255  7 57033.27895078 32.470
 241 300.384655 -29.897213    27.239    27.155  7 57043.19459668 38.302
 242 300.385786 -29.898034    26.695    26.746  7 57053.11024035 35.780
 243 300.386024 -29.900568    26.412    26.415  7 57063.02587915 48.440
 244 300.386856 -29.902613    26.096    26.179  7 57072.94151311 37.898
 245 300.389241 -29.904359    26.062    26.070  8 57082.85714370 30.197
 246 300.388980 -29.902641    26.641    26.595  7 57092.77279219 41.098
 247 300.386501 -29.901143    26.199    26.228  7 57102.68844972 30.801
 248 300.386019 -29.899134    26.182    26.157  7 57112.60410369 31.453
 249 300.386107 -29.898123    25.893    25.958  7 57122.51975143 49.556
 250 300.386001 -29.897203    25.789    25.766  7 57132.43539335 44.288
