# NaN NaN NaN ;Mean Elev.(m), Avg Gradient(m/km), RMS Gradient(m/km) - SRTM1     
# NaN NaN NaN ;Mean Elev.(m), Avg Gradient(m/km), RMS Gradient(m/km) - ASTER GDEM
#    0.854  -0.079   2.013 ;Mean Elev.(m), Avg Gradient(m/km), RMS Gradient(m/km) - GMTED2010 
   1 301.040935 -33.874820     1.709     1.494  4 54666.40616004 35.240
   2 301.040648 -33.874759     1.655     1.471  3 54676.32180410 29.655
   3 301.042088 -33.874990     1.553     1.570  3 54686.23744677 46.388
   6 301.043519 -33.874930     1.849     1.802  4 54715.98437927 33.911
   7 301.039189 -33.874179     1.577     1.469  4 54725.90002893 30.225
   8 301.035202 -33.873596     1.231     1.179  3 54735.81567708 22.574
   9 301.032830 -33.874344     1.442     1.430  3 54745.73132451 25.628
  10 301.033033 -33.874063     1.780     1.712  3 54755.64697194 33.693
  11 301.033817 -33.874056     1.849     1.826  4 54765.56261795 34.686
  12 301.033898 -33.873843     1.629     1.668  3 54775.47826090 34.659
  13 301.033296 -33.873907     1.502     1.492  3 54785.39390110 31.932
  14 301.034121 -33.874060     1.411     1.462  3 54795.30953972 36.246
  17 301.042679 -33.874772     1.430     1.458  3 54825.05646153 49.666
  18 301.039295 -33.873749     1.171     1.247  3 54834.97210130 31.025
  19 301.035033 -33.874143     0.806     0.801  3 54844.88775100 28.841
  20 301.033217 -33.873873     0.746     0.756  3 54854.80340046 30.504
  21 301.033431 -33.873577     1.308     1.298  3 54864.71905000 33.009
  22 301.033887 -33.872939     1.644     1.682  3 54874.63469924 41.778
  23 301.033636 -33.872935     1.889     1.944  3 54884.55034551 33.976
  24 301.031144 -33.873863     1.495     1.482  3 54894.46598772 29.555
  25 301.029416 -33.872862     1.468     1.463  3 54904.38162746 32.849
  26 301.029278 -33.873049     1.426     1.439  4 54914.29726559 33.634
  27 301.030777 -33.874368     1.380     1.369  3 54924.21290299 30.399
  28 301.034943 -33.874229     1.163     1.007  3 54934.12854016 39.109
  29 301.039162 -33.874672     0.994     0.884  3 54944.04417531 33.454
  30 301.042619 -33.874451     1.076     1.051  4 54953.95980844 45.320
  31 301.039611 -33.875127     1.481     1.586  3 54963.87545291 31.708
  32 301.037135 -33.874545     0.879     0.865  4 54973.79110111 31.628
  33 301.037370 -33.874055     1.130     1.098  4 54983.70674898 30.062
  34 301.038534 -33.874921     1.433     1.377  3 54993.62239643 31.304
  35 301.039306 -33.874126     1.700     1.618  4 55003.53804301 32.641
  36 301.037546 -33.874720     1.155     1.149  4 55013.45368685 33.967
  37 301.036430 -33.874065     1.416     1.418  4 55023.36932945 36.413
  38 301.036115 -33.874863     1.363     1.266  3 55033.28497096 29.971
  39 301.038662 -33.874498     1.517     1.518  3 55043.20061226 33.795
  40 301.043002 -33.873884     1.357     1.237  3 55053.11625223 34.791
  41 301.043208 -33.877265     1.741     1.741  2 55063.03188896 27.279
  42 301.041521 -33.874892     1.289     1.250  4 55072.94753379 30.671
  43 301.036989 -33.873671     1.904     1.838  3 55082.86318195 37.083
  44 301.033491 -33.873970     2.001     1.979  4 55092.77882870 36.262
  45 301.032902 -33.873763     2.364     2.332  3 55102.69447566 35.843
  46 301.033960 -33.873259     1.855     1.831  3 55112.61012252 37.037
  47 301.034689 -33.873715     1.839     1.764  4 55122.52576679 35.822
  48 301.034692 -33.873991     1.731     1.642  4 55132.44140803 31.545
  49 301.033974 -33.873999     1.815     1.800  3 55142.35704702 34.737
  50 301.034319 -33.873982     1.712     1.704  3 55152.27268531 36.425
  51 301.037219 -33.873904     2.214     2.160  4 55162.18832407 35.523
  52 301.041313 -33.874360     2.480     2.506  4 55172.10396253 35.037
  54 301.041771 -33.874722     2.375     2.379  3 55191.93524978 34.847
  55 301.037452 -33.874450     2.362     2.315  4 55201.85090002 39.178
  56 301.034638 -33.874442     2.485     2.508  3 55211.76654990 34.204
  57 301.034500 -33.873733     2.381     2.358  4 55221.68219966 34.369
  58 301.034362 -33.872944     2.473     2.363  3 55231.59784820 41.442
  59 301.033353 -33.873930     2.814     2.805  3 55241.51349292 33.771
  60 301.031470 -33.873746     3.220     3.234  3 55251.42913405 33.800
  61 301.029998 -33.872941     2.956     2.896  3 55261.34477276 37.946
  62 301.030888 -33.872723     2.904     2.904  3 55271.26041039 34.114
  63 301.033194 -33.873968     2.620     2.605  3 55281.17604774 34.780
  64 301.036776 -33.874787     2.763     2.650  3 55291.09168413 32.690
  65 301.040733 -33.874795     2.257     2.268  3 55301.00731845 43.708
  66 301.039058 -33.874229     2.290     2.250  4 55310.92296493 33.529
  67 301.036842 -33.873835     2.420     2.406  4 55320.83861022 34.288
  68 301.035468 -33.873736     2.000     1.867  3 55330.75425459 39.173
  69 301.035622 -33.874252     1.998     2.002  3 55340.66989885 37.976
  70 301.037586 -33.874043     2.111     2.062  4 55350.58554316 38.536
  71 301.038961 -33.874815     1.891     1.883  4 55360.50118500 42.630
  72 301.039798 -33.874255     1.906     1.910  4 55370.41682464 36.261
  73 301.039952 -33.875103     2.232     2.248  3 55380.33246231 48.548
  74 301.041857 -33.874689     1.857     1.816  3 55390.24809954 29.873
  77 301.041997 -33.873771     1.621     1.581  3 55419.99503282 30.906
  78 301.037331 -33.874938     1.394     1.474  3 55429.91067911 44.593
  79 301.034852 -33.873876     1.298     1.301  3 55439.82632383 43.116
  80 301.034264 -33.873570     1.813     1.835  4 55449.74196740 34.348
  81 301.035149 -33.874012     1.765     1.748  4 55459.65761054 33.481
  82 301.036541 -33.874163     1.433     1.349  4 55469.57325288 29.196
  83 301.037843 -33.874192     1.445     1.445  3 55479.48889203 26.863
  84 301.039175 -33.874179     0.978     0.927  3 55489.40452828 31.759
  85 301.041146 -33.874190     1.100     1.089  3 55499.32016215 29.103
  86 301.041561 -33.874670     2.413     2.402  3 55509.23580222 33.758
  87 301.040262 -33.874132     1.147     1.211  4 55519.15145219 31.393
  88 301.039484 -33.874456     1.651     1.646  3 55529.06710113 26.548
  89 301.038890 -33.874180     1.399     1.426  4 55538.98274858 44.794
  90 301.037918 -33.874076     2.162     2.101  4 55548.89839396 31.809
  91 301.036401 -33.874271     1.395     1.384  3 55558.81403769 21.279
  92 301.036335 -33.874282     1.283     1.104  4 55568.72968083 28.337
  93 301.037541 -33.873976     1.442     1.376  3 55578.64532322 26.321
  94 301.038214 -33.874414     1.655     1.575  4 55588.56096299 38.987
  95 301.039294 -33.874259     2.214     2.230  4 55598.47659964 31.299
  96 301.039725 -33.874882     1.237     1.151  4 55608.39223323 26.266
  97 301.042274 -33.873889     1.975     1.991  3 55618.30786519 40.003
  98 301.041297 -33.874463     1.660     1.707  3 55628.22351152 34.917
  99 301.040082 -33.874925     1.332     1.298  3 55638.13916218 36.151
 100 301.039182 -33.874462     1.864     1.912  3 55648.05481097 31.822
 101 301.037444 -33.873548     1.938     1.923  3 55657.97045689 29.747
 102 301.035564 -33.874026     1.947     1.877  4 55667.88609862 31.115
 103 301.035887 -33.874379     1.922     1.977  3 55677.80173811 33.625
 104 301.039018 -33.873979     2.174     2.160  4 55687.71737620 41.193
 105 301.042363 -33.874536     1.973     1.970  4 55697.63301271 32.051
 107 301.042796 -33.874908     1.915     1.889  4 55717.46429898 35.807
 108 301.040438 -33.874254     1.811     1.733  4 55727.37994695 33.235
 109 301.039284 -33.874177     1.767     1.772  4 55737.29559312 39.978
 110 301.039175 -33.874236     1.729     1.700  3 55747.21123803 33.143
 111 301.039159 -33.874842     1.920     1.987  3 55757.12688080 28.037
 112 301.039306 -33.875200     1.939     1.845  3 55767.04252109 27.606
 113 301.039621 -33.874435     1.802     1.826  3 55776.95815885 34.384
 114 301.039780 -33.874654     1.976     2.061  3 55786.87379395 31.897
 115 301.042061 -33.874766     1.896     1.800  4 55796.78942786 33.175
 116 301.043221 -33.875150     1.744     1.795  3 55806.70507011 30.487
 117 301.043224 -33.874997     1.796     1.797  3 55816.62071957 29.179
 118 301.042605 -33.875014     1.608     1.581  3 55826.53636571 30.386
 119 301.041572 -33.874715     1.886     1.815  4 55836.45200736 32.093
 120 301.040492 -33.874921     1.832     1.804  3 55846.36764546 28.470
 121 301.042243 -33.875488     1.450     1.322  3 55856.28328103 29.155
 122 301.043831 -33.875351     1.980     1.964  3 55866.19892366 29.447
 123 301.043410 -33.874394     1.512     1.474  3 55876.11457632 39.069
 133 301.035416 -33.874238     1.163     1.100  3 55975.27101155 31.953
 134 301.039837 -33.874456     1.390     1.399  4 55985.18664784 29.528
 136 301.042496 -33.874796     1.488     1.457  4 56005.01793390 28.364
 137 301.038486 -33.874180     1.432     1.424  4 56014.93358172 30.349
 139 301.034588 -33.873690     1.029     1.031  4 56034.76486994 38.037
 141 301.041349 -33.875006     1.102     1.019  3 56054.59614983 27.258
 143 301.043675 -33.874635     1.428     1.363  3 56074.42742821 26.860
 144 301.039713 -33.874485     1.286     1.326  3 56084.34307701 29.660
 145 301.038537 -33.874070     1.750     1.724  3 56094.25872357 32.310
 146 301.039203 -33.874566     1.434     1.352  3 56104.17436797 34.178
 147 301.040280 -33.874445     1.550     1.550  4 56114.08999810 31.087
 148 301.041072 -33.874793     1.923     1.839  3 56124.00563601 33.185
 149 301.042410 -33.873862     2.111     1.685  3 56133.92127046 34.879
 150 301.041345 -33.874539     1.797     1.777  4 56143.83690957 33.195
 151 301.038694 -33.874657     1.510     1.489  4 56153.75255990 32.322
 152 301.038373 -33.874837     1.644     1.609  3 56163.66820922 34.064
 153 301.039473 -33.874606     2.206     2.215  4 56173.58385664 36.164
 154 301.040656 -33.874167     1.555     1.557  3 56183.49949900 31.615
 155 301.039986 -33.874317     2.013     1.931  3 56193.41513716 37.877
 156 301.039086 -33.875061     1.949     2.045  3 56203.33077226 35.997
 157 301.042042 -33.874597     2.019     2.032  4 56213.24640612 40.823
 161 301.041683 -33.874145     1.904     2.058  3 56252.90899528 32.108
 162 301.039667 -33.873757     1.009     0.951  3 56262.82463886 43.466
 164 301.039453 -33.874760     2.008     1.995  4 56282.65592384 35.052
 165 301.037936 -33.874210     1.876     1.761  4 56292.57157631 32.672
 166 301.035485 -33.874147     1.899     1.795  3 56302.48722403 31.646
 167 301.033547 -33.873506     2.238     2.002  4 56312.40286747 31.384
 168 301.032517 -33.874206     1.899     1.817  3 56322.31850829 26.328
 169 301.034771 -33.873313     1.349     1.298  3 56332.23414891 30.987
 170 301.037506 -33.874293     1.893     2.025  3 56342.14978871 33.717
 171 301.041567 -33.874020     1.515     1.406  3 56352.06542661 30.118
 172 301.042329 -33.874170     1.533     1.545  3 56361.98106700 40.215
 173 301.038163 -33.874133     1.829     1.821  4 56371.89671600 28.805
 174 301.034867 -33.873655     1.636     1.487  3 56381.81236263 36.071
 175 301.034243 -33.873686     1.680     1.666  3 56391.72800738 28.946
 176 301.036203 -33.874805     1.587     1.488  3 56401.64365040 47.829
 177 301.040141 -33.874039     1.397     1.395  3 56411.55929109 35.525
 178 301.043366 -33.874724     1.460     1.387  3 56421.47492631 33.058
 179 301.043778 -33.874728     1.732     1.725  4 56431.39056543 31.753
 180 301.038845 -33.874459     1.520     1.504  4 56441.30621727 35.390
 181 301.036169 -33.874115     1.662     1.602  4 56451.22186668 28.154
 182 301.035801 -33.873922     1.775     1.786  4 56461.13751401 34.488
 183 301.035818 -33.873852     1.394     1.459  3 56471.05315812 31.770
 184 301.036222 -33.873988     1.893     1.909  3 56480.96879870 38.613
 185 301.036817 -33.874488     1.815     1.811  4 56490.88443560 35.292
 187 301.043733 -33.874423     1.738     1.724  3 56510.71570436 38.918
 189 301.042676 -33.874518     2.048     2.033  4 56530.54700195 36.779
 191 301.037961 -33.874944     2.536     2.466  3 56550.37829599 33.165
 192 301.036846 -33.874696     1.824     1.682  4 56560.29393851 33.911
 193 301.038054 -33.874173     1.684     1.532  4 56570.20958019 31.933
 194 301.041162 -33.874195     1.426     1.483  3 56580.12522072 50.056
 197 301.041209 -33.874165     2.115     2.181  4 56609.87215436 33.172
 198 301.038691 -33.874377     1.442     1.370  3 56619.78780040 29.507
 199 301.038246 -33.874353     2.182     2.195  3 56629.70344366 32.229
 200 301.039701 -33.874684     1.734     1.735  3 56639.61908363 40.063
 201 301.039531 -33.874129     1.420     1.488  4 56649.53472992 30.786
 202 301.035283 -33.874837     1.196     1.168  3 56659.45038102 26.379
 203 301.033225 -33.873981     2.105     2.093  3 56669.36602851 32.442
 205 301.035486 -33.873995     1.552     1.592  3 56689.19731682 46.562
 206 301.037978 -33.874394     1.809     1.697  3 56699.11295743 31.903
 207 301.040802 -33.874088     1.439     1.549  3 56709.02859359 29.535
 208 301.040785 -33.873822     1.532     1.427  3 56718.94423318 30.606
 209 301.036071 -33.874359     1.423     1.163  3 56728.85988532 28.484
 211 301.035304 -33.873978     1.990     1.988  3 56748.69117913 31.713
 212 301.038237 -33.874369     1.961     1.984  4 56758.60681948 30.312
 213 301.042508 -33.874419     1.863     1.838  4 56768.52245379 35.921
 214 301.040770 -33.874089     1.632     1.560  3 56778.43810088 33.077
 215 301.035859 -33.874025     1.642     1.609  4 56788.35375581 31.398
 216 301.032305 -33.873623     2.009     1.989  4 56798.26940729 33.523
 217 301.031522 -33.873832     1.874     1.885  3 56808.18505306 33.694
 219 301.035752 -33.873430     2.362     2.218  3 56828.01633028 40.924
 220 301.037323 -33.874927     1.936     1.938  3 56837.93196369 36.467
 221 301.041477 -33.874159     2.179     2.207  3 56847.84759522 33.170
 222 301.039141 -33.874232     2.411     2.273  3 56857.76324796 44.543
 223 301.037885 -33.874985     2.124     2.078  3 56867.67890127 36.803
 224 301.036898 -33.874836     2.415     2.475  3 56877.59455301 46.957
 225 301.035603 -33.873475     2.090     2.134  3 56887.51020174 36.587
 226 301.033196 -33.873140     2.042     1.891  3 56897.42584729 40.086
 227 301.031753 -33.873541     1.968     1.896  3 56907.34148984 38.519
 228 301.032912 -33.874220     2.165     2.218  3 56917.25713042 37.545
 229 301.036747 -33.874906     2.172     2.160  3 56927.17276927 37.533
 230 301.041799 -33.874878     2.138     2.080  3 56937.08840481 48.922
 232 301.041951 -33.874465     1.927     1.855  4 56956.91968970 31.391
 233 301.038028 -33.874377     2.417     2.367  3 56966.83533842 32.102
 234 301.037010 -33.874632     1.846     1.749  3 56976.75098338 31.980
 235 301.039143 -33.874282     2.009     2.013  4 56986.66662430 31.257
 236 301.043260 -33.873838     1.949     1.957  3 56996.58225957 30.391
 237 301.041690 -33.874978     2.036     1.970  3 57006.49790468 32.007
 238 301.037112 -33.873794     1.589     1.575  4 57016.41355917 31.739
 239 301.033622 -33.874271     1.749     1.769  3 57026.32920935 31.655
 240 301.034017 -33.873801     2.488     2.478  3 57036.24485789 40.740
 241 301.036270 -33.873884     2.048     2.048  4 57046.16050381 33.695
 242 301.038311 -33.874711     2.124     2.138  3 57056.07614620 29.517
 243 301.039807 -33.874244     1.710     1.673  4 57065.99178365 30.640
 244 301.040879 -33.874261     1.662     1.660  4 57075.90741670 41.969
 245 301.043900 -33.874763     1.875     1.882  3 57085.82304696 33.269
 246 301.041114 -33.874326     1.569     1.625  3 57095.73870419 33.323
 247 301.038896 -33.874983     1.905     1.921  3 57105.65436048 33.267
 248 301.038992 -33.874125     1.583     1.571  3 57115.57001256 32.904
 249 301.037775 -33.874602     1.570     1.580  3 57125.48565783 30.639
 250 301.037103 -33.873827     1.777     1.689  3 57135.40129777 41.261
